191,469,-89,195,475,-79,198,474,-79,201,474,-79,187,475,-80,183,475,-80,180,475,-80,204,469,-28,175,470,-31,196,459,-71,184,459,-72,230,417,-17,150,414,-20,247,353,-7,129,349,-17,244,301,-64,136,297,-57,245,280,-83,138,276,-74,238,283,-103,146,282,-84,236,290,-72,148,289,-62,219,287,3,169,284,-3,229,206,31,152,202,6,238,122,90,144,116,49,234,110,91,146,106,50,248,99,32,136,87,-17,
189,468,-79,194,475,-70,197,474,-70,199,474,-70,184,475,-69,181,475,-69,178,474,-69,203,469,-19,174,469,-21,195,459,-62,182,459,-62,230,416,-16,149,414,-9,248,354,-10,124,351,-4,246,305,-67,129,297,-42,247,284,-87,128,277,-56,240,287,-104,137,282,-70,238,293,-74,139,289,-48,219,288,2,169,285,-2,227,206,13,152,204,1,238,122,59,143,119,50,234,109,59,144,108,50,248,99,-3,134,92,-16,
187,468,-81,192,474,-70,195,474,-70,198,474,-70,182,475,-70,180,474,-70,176,474,-70,202,469,-20,173,469,-22,194,458,-62,181,458,-63,230,416,-16,149,414,-7,250,362,-18,119,356,-4,250,322,-87,118,306,-42,252,306,-110,115,287,-57,246,308,-125,124,290,-77,243,313,-95,129,297,-52,218,289,2,169,287,-2,227,207,9,152,205,-1,238,122,54,143,120,48,234,108,54,144,110,48,248,99,-9,133,95,-19,
185,468,-75,191,474,-64,194,474,-64,197,474,-64,181,475,-63,178,474,-63,175,474,-63,201,468,-7,172,469,-7,193,458,-56,179,458,-55,229,416,0,148,414,6,254,367,-17,116,366,-10,258,350,-117,108,337,-107,262,335,-146,106,320,-128,252,338,-161,116,321,-143,247,342,-125,120,327,-114,215,290,2,167,289,-2,225,209,8,152,208,-4,238,122,46,143,123,41,234,108,45,144,112,41,249,98,-15,133,98,-24,
185,468,-73,190,474,-61,193,474,-61,196,474,-61,180,475,-60,178,474,-60,174,474,-60,200,468,-4,172,469,-4,192,458,-53,179,458,-53,229,416,1,147,415,11,255,369,-16,115,369,-10,261,353,-117,106,341,-112,264,338,-145,104,324,-134,253,340,-161,115,325,-148,249,344,-125,119,331,-119,214,292,2,166,291,-2,224,210,4,151,208,-9,238,124,45,144,124,38,234,109,45,146,113,38,247,99,-20,132,100,-25,
185,468,-132,190,475,-119,194,475,-119,196,474,-119,180,475,-118,177,475,-118,174,475,-118,200,469,-46,171,469,-45,192,459,-107,179,458,-107,229,416,-12,147,415,-7,260,367,-108,116,366,-93,266,397,-262,98,385,-262,267,413,-288,92,400,-289,263,419,-281,96,406,-288,260,414,-262,100,401,-266,214,292,2,166,292,-2,224,210,8,151,208,-13,238,125,63,144,124,43,233,110,65,146,112,45,246,99,-9,131,99,-25,
185,469,-146,190,476,-132,193,475,-132,196,475,-132,180,476,-130,177,475,-130,173,475,-130,200,469,-56,171,469,-51,192,459,-120,178,458,-118,229,416,-16,146,415,-12,260,369,-121,111,364,-101,267,419,-274,97,410,-252,270,440,-301,91,429,-279,266,444,-291,96,434,-270,262,437,-274,100,427,-252,214,295,1,165,294,-2,224,211,7,151,208,-19,238,126,68,144,123,40,233,110,70,146,112,42,246,100,-4,132,98,-39,
185,469,-127,190,476,-113,193,476,-113,196,475,-113,180,476,-112,177,476,-112,173,475,-112,200,469,-45,170,469,-47,192,459,-102,178,459,-101,229,416,-1,146,415,1,263,375,-86,111,365,-67,273,434,-211,94,419,-184,276,453,-233,90,439,-207,272,456,-226,94,443,-202,269,451,-212,97,438,-185,214,297,1,166,297,-1,224,212,-5,151,208,-21,238,126,51,144,123,28,233,110,52,146,111,28,245,100,-25,132,98,-55,
184,469,-119,190,476,-106,193,476,-106,196,475,-106,180,476,-104,177,476,-104,173,475,-104,200,469,-43,170,469,-39,191,459,-95,177,459,-95,229,416,1,146,415,4,263,376,-75,110,368,-58,277,435,-193,92,423,-165,281,454,-214,88,441,-186,276,457,-208,93,446,-184,273,452,-194,95,441,-167,214,298,1,166,298,-1,224,213,-6,151,209,-20,238,126,45,144,125,27,233,110,46,146,112,27,246,100,-27,132,99,-51,
184,469,-151,190,476,-136,193,476,-136,196,475,-136,180,476,-135,177,476,-135,173,475,-135,200,469,-57,170,469,-53,191,460,-123,177,459,-121,229,416,-7,146,415,-4,263,377,-97,111,369,-66,277,435,-234,92,423,-198,281,453,-259,88,441,-221,276,457,-251,92,445,-219,273,452,-236,95,441,-201,214,298,0,166,298,0,224,214,-13,151,210,-26,238,126,47,144,125,28,233,110,48,146,111,29,246,100,-30,132,99,-57,
184,469,-153,190,476,-139,193,476,-139,196,475,-139,180,476,-137,176,476,-137,173,475,-137,200,469,-64,170,469,-58,191,460,-127,177,459,-125,229,416,-20,146,415,-15,262,376,-107,110,369,-75,277,436,-232,94,427,-190,280,455,-255,91,445,-213,275,459,-244,96,449,-207,273,454,-232,99,444,-192,214,298,0,166,299,0,224,215,-20,151,210,-25,238,126,32,144,126,33,232,111,33,146,111,33,246,101,-42,132,99,-56,
184,469,-150,189,476,-136,193,476,-136,196,475,-136,179,476,-134,176,476,-134,173,475,-134,200,469,-66,170,469,-60,191,460,-126,177,459,-125,228,416,-27,146,415,-22,268,377,-119,100,373,-109,275,434,-228,97,429,-228,276,453,-247,102,447,-251,274,456,-231,109,450,-230,272,452,-224,111,445,-223,214,298,-1,166,300,0,224,215,-20,152,211,-9,238,126,37,143,126,48,232,111,37,146,112,49,246,101,-35,132,100,-27,
184,469,-137,189,476,-124,193,476,-124,196,475,-124,179,476,-121,176,476,-121,173,475,-121,200,469,-62,169,469,-52,191,460,-120,177,459,-116,228,415,-25,146,414,-16,270,377,-99,100,373,-86,274,436,-181,99,431,-205,275,455,-193,102,450,-247,271,459,-172,109,454,-185,269,454,-175,111,448,-206,214,298,-1,166,299,0,225,215,-17,152,211,-9,237,127,42,143,126,37,232,112,42,146,112,37,246,101,-29,132,99,-30,
184,469,-140,189,476,-126,193,476,-126,196,475,-126,179,476,-124,176,476,-124,173,475,-124,200,469,-59,169,469,-51,191,460,-118,177,459,-116,228,415,-24,146,414,-17,270,378,-112,101,373,-102,275,434,-223,98,430,-227,276,453,-243,99,448,-253,271,456,-226,105,451,-233,269,450,-220,108,446,-225,215,298,0,166,299,0,226,215,15,152,211,-9,237,127,85,143,126,40,232,112,88,146,112,40,245,101,18,132,99,-31,
184,469,-140,189,476,-126,193,476,-126,196,476,-126,179,476,-124,176,476,-124,173,475,-124,200,470,-57,169,469,-50,191,460,-117,177,459,-114,229,415,-23,145,414,-17,271,378,-112,101,373,-102,275,433,-225,98,430,-226,276,453,-245,97,448,-250,271,455,-229,103,451,-234,269,450,-222,107,446,-224,215,298,0,166,299,0,226,215,19,152,211,-9,237,127,88,143,126,40,232,112,90,145,112,40,245,101,21,132,99,-31,
184,469,-145,189,476,-131,193,476,-131,196,476,-131,179,476,-129,176,476,-129,173,476,-129,200,470,-59,169,469,-53,191,460,-121,177,459,-119,229,415,-23,145,414,-19,271,378,-114,101,374,-109,275,433,-230,98,432,-237,276,454,-252,97,451,-262,271,456,-236,103,454,-244,268,450,-228,107,447,-234,215,298,0,166,299,0,226,214,22,152,211,-8,237,127,91,143,126,46,232,113,93,145,112,47,245,101,21,132,99,-29,
184,469,-146,189,477,-132,193,476,-132,196,476,-132,179,477,-130,176,476,-130,172,476,-130,200,470,-59,169,469,-52,191,460,-122,177,459,-120,229,415,-23,145,414,-21,270,378,-120,101,374,-123,275,429,-249,99,427,-265,276,449,-273,98,445,-293,271,452,-258,104,447,-276,268,445,-247,109,441,-263,215,298,0,166,299,0,226,215,19,152,210,-9,237,127,86,143,126,45,232,113,88,145,113,46,245,101,13,132,99,-33,
184,470,-89,189,477,-78,193,477,-78,196,476,-78,179,477,-78,176,477,-78,173,476,-78,200,470,-12,170,470,-16,191,460,-66,177,459,-67,229,418,6,146,418,-1,268,383,-77,102,385,-101,273,398,-235,100,401,-239,275,391,-264,98,388,-271,267,395,-242,109,390,-246,264,396,-239,115,393,-235,215,299,1,167,298,-1,226,215,9,154,211,-14,237,127,39,143,126,17,233,113,37,145,113,15,245,101,-29,133,99,-55,
184,470,-68,189,477,-57,193,476,-57,196,476,-57,179,477,-56,176,477,-56,173,476,-56,200,470,4,170,470,3,191,460,-47,178,459,-47,229,418,16,146,419,18,267,383,-26,102,384,-32,269,372,-147,104,371,-141,272,359,-176,102,354,-164,261,362,-185,115,355,-171,257,365,-153,119,360,-146,215,299,2,167,298,-2,226,215,7,154,211,-14,237,127,39,143,126,22,233,113,38,145,113,20,245,101,-28,134,99,-50,
184,470,-65,190,477,-54,193,476,-54,196,476,-54,179,477,-53,176,477,-53,173,476,-53,200,470,7,170,470,6,191,460,-44,178,459,-44,229,419,19,147,420,22,266,383,-19,102,384,-24,268,370,-136,105,368,-130,270,357,-165,104,351,-152,258,360,-175,117,353,-160,255,363,-142,121,358,-135,215,299,2,167,298,-2,226,215,6,155,211,-14,237,128,39,143,127,24,233,113,38,145,113,23,245,102,-27,134,99,-48,
184,470,-84,190,477,-73,193,476,-73,196,476,-73,180,477,-72,177,476,-72,174,476,-72,200,470,-9,171,470,-8,191,460,-63,178,459,-62,229,418,16,148,419,17,262,374,-25,104,382,-36,258,353,-126,109,354,-140,258,340,-152,108,336,-161,250,346,-163,119,339,-168,248,349,-132,123,344,-144,215,299,4,167,298,-4,226,215,5,155,211,-17,237,128,37,143,127,22,233,113,36,145,114,21,246,102,-31,135,99,-50,
185,470,-91,190,477,-80,193,476,-80,196,476,-80,180,477,-79,177,476,-79,174,476,-79,200,470,-14,171,470,-19,192,460,-69,179,459,-69,229,418,10,148,419,3,260,367,-34,106,375,-19,241,361,-146,121,349,-79,234,356,-171,121,333,-92,229,361,-171,131,337,-97,229,363,-147,133,342,-80,215,298,7,167,298,-8,226,215,9,155,211,-18,237,127,42,143,127,21,233,113,41,145,114,21,246,102,-26,135,99,-50,
185,470,-169,190,477,-155,193,476,-155,196,476,-155,180,477,-157,177,476,-157,174,476,-157,200,470,-62,171,470,-75,192,460,-134,179,459,-138,229,418,-1,148,419,-24,257,365,-69,111,370,-65,227,372,-245,136,359,-192,214,370,-282,144,350,-220,211,373,-275,149,355,-221,213,374,-246,148,358,-193,215,299,11,168,298,-11,226,215,17,155,211,-17,237,127,99,143,127,74,233,113,101,145,114,78,247,102,4,135,99,-23,
186,470,-101,190,477,-85,193,476,-85,196,476,-85,181,476,-84,178,476,-84,175,476,-84,200,470,0,171,469,7,192,460,-68,180,459,-66,228,422,17,149,419,16,236,372,-89,127,372,-92,187,420,-199,174,416,-188,171,433,-223,182,427,-214,171,438,-196,180,432,-205,177,434,-188,179,428,-186,215,300,6,168,299,-6,226,216,11,155,211,1,237,127,105,143,127,108,233,113,110,145,114,113,248,102,10,135,99,13,
186,470,-81,190,477,-66,193,476,-66,196,476,-66,181,476,-64,178,476,-64,175,476,-64,200,471,13,171,469,21,192,461,-51,180,460,-48,227,423,26,149,419,30,233,376,-81,129,374,-82,186,424,-160,176,420,-171,169,438,-182,184,432,-199,169,443,-162,182,437,-176,175,439,-153,181,433,-165,215,302,3,168,301,-3,226,216,5,155,212,2,237,127,103,143,127,107,233,113,108,145,114,112,248,102,9,135,99,14,
187,470,-69,191,477,-50,194,476,-51,196,476,-51,182,476,-49,179,476,-49,176,475,-49,201,470,33,172,469,40,194,461,-38,181,461,-36,227,423,26,149,419,31,216,402,-112,145,387,-115,170,444,-195,188,439,-221,159,454,-222,197,452,-253,158,457,-203,195,455,-236,162,454,-190,191,450,-218,215,301,1,168,301,-1,226,217,-10,155,212,-2,237,127,90,144,127,90,233,113,94,145,115,94,248,102,-7,135,99,-3,
184,475,-28,190,479,-10,193,479,-10,196,479,-10,181,478,-9,179,477,-9,176,476,-9,200,473,71,172,470,77,192,466,1,180,465,2,227,426,59,151,422,61,215,409,-98,153,399,-96,169,450,-175,184,455,-199,156,460,-203,193,470,-226,156,464,-184,191,472,-215,160,461,-170,188,467,-198,215,307,1,168,306,-1,226,219,-29,156,215,-18,237,127,62,144,128,82,233,113,66,145,115,88,248,102,-39,135,99,-28,
184,474,-17,190,479,0,193,479,0,196,479,0,182,478,0,179,477,0,177,476,0,198,473,81,174,471,85,192,466,12,180,465,12,226,427,65,151,422,67,210,411,-91,157,409,-89,167,457,-169,182,460,-194,155,466,-197,190,472,-224,154,470,-181,186,473,-214,159,467,-165,184,469,-194,215,309,1,168,307,-1,227,220,-30,157,215,-24,237,128,52,144,128,54,232,114,55,145,115,57,248,102,-47,136,99,-48,
190,474,-18,193,479,1,195,479,1,197,479,1,187,478,0,184,478,0,182,477,0,198,473,89,177,472,83,194,466,13,185,464,11,226,427,67,151,424,62,205,418,-85,161,428,-98,158,469,-156,187,474,-194,148,474,-186,195,483,-225,148,477,-173,195,485,-213,152,475,-154,191,480,-194,215,310,1,169,308,-1,229,220,-29,157,215,-24,237,129,47,144,126,45,231,114,50,145,114,46,248,102,-52,136,98,-58,
194,474,-34,195,480,-14,197,480,-14,198,480,-14,189,479,-16,186,479,-16,183,478,-16,197,475,75,177,473,68,196,465,-1,187,464,-3,226,429,55,151,424,50,207,419,-94,162,424,-122,161,467,-174,185,474,-228,149,474,-207,194,483,-261,150,477,-192,193,484,-248,153,475,-172,189,480,-228,215,311,2,169,309,-2,229,220,-25,157,215,-22,237,129,52,145,126,48,230,114,54,146,114,50,248,101,-50,136,97,-51,
194,473,-43,194,480,-25,195,480,-25,197,480,-25,187,479,-25,185,478,-25,182,478,-25,196,475,59,176,473,60,196,465,-11,186,464,-11,224,428,49,152,425,45,212,419,-100,154,426,-127,174,462,-202,178,483,-235,157,472,-233,187,493,-266,154,477,-221,185,495,-253,154,473,-201,183,491,-234,215,311,1,169,308,-1,228,220,-22,157,214,-21,237,129,46,146,125,49,230,115,47,146,114,50,248,101,-58,136,97,-53,
187,472,-88,189,479,-72,191,479,-72,194,479,-72,181,478,-70,178,477,-70,175,476,-70,196,474,4,171,470,13,193,463,-60,181,462,-58,223,428,-5,153,425,-7,215,426,-174,151,433,-192,180,479,-286,164,487,-312,167,489,-316,173,499,-341,166,491,-302,174,500,-327,165,487,-285,174,495,-311,214,309,1,169,308,-1,228,219,-17,157,213,-15,237,130,44,146,125,43,230,116,44,147,114,42,247,101,-53,136,97,-54,
186,470,-79,188,476,-62,191,477,-62,193,477,-62,181,475,-61,178,474,-61,175,473,-61,197,471,17,171,466,20,192,462,-50,181,461,-50,222,427,9,154,423,8,221,442,-130,134,427,-145,203,482,-258,142,481,-254,197,489,-306,144,495,-284,193,488,-296,148,498,-271,192,485,-247,150,492,-254,212,308,1,166,308,-1,227,219,-28,157,212,-27,236,130,11,147,125,9,230,116,9,148,114,7,247,101,-88,136,97,-87,
184,470,-78,188,476,-60,191,476,-60,193,476,-60,180,475,-58,177,474,-58,174,473,-58,197,470,21,170,466,23,191,462,-46,180,461,-46,221,424,11,154,421,13,245,429,-116,123,423,-107,235,478,-243,119,477,-220,236,493,-295,117,493,-253,232,495,-276,120,496,-241,230,489,-229,123,490,-223,210,305,1,165,305,-1,227,217,-27,156,210,-31,237,130,11,147,124,-3,231,116,9,148,114,-6,247,101,-82,137,97,-94,
184,470,-74,187,476,-57,190,476,-57,193,475,-57,179,475,-56,177,474,-56,174,473,-56,197,469,20,170,466,25,191,462,-45,179,461,-44,222,423,17,154,420,14,248,425,-106,121,422,-91,238,477,-216,118,477,-194,238,493,-245,115,494,-225,235,496,-240,118,496,-213,233,490,-212,120,490,-197,210,303,1,165,303,-1,227,217,-23,156,209,-30,237,129,11,147,124,-6,232,116,8,148,114,-8,247,101,-79,137,97,-94,
183,469,-75,186,475,-59,189,475,-59,193,475,-59,178,474,-56,176,473,-56,173,472,-56,197,469,11,169,465,23,190,462,-51,179,461,-47,222,423,20,154,419,20,262,424,-84,115,421,-64,257,474,-180,104,473,-167,258,492,-204,100,489,-196,254,494,-196,103,493,-187,252,488,-181,106,487,-170,210,301,1,165,301,-1,227,216,-15,156,209,-28,237,129,21,147,123,5,232,115,20,148,113,3,248,101,-73,137,97,-82,
181,470,-119,185,476,-103,188,475,-103,191,475,-103,177,475,-101,174,474,-101,172,474,-101,197,469,-30,168,466,-19,189,462,-94,177,462,-91,223,420,0,149,418,3,268,411,-92,103,412,-64,284,467,-222,82,459,-173,291,486,-248,73,479,-199,288,489,-244,76,485,-197,285,484,-227,81,477,-178,210,301,0,165,301,0,225,217,1,156,209,-23,237,129,62,147,123,11,233,115,63,148,113,9,248,101,-21,137,97,-72,
181,471,-102,185,476,-86,188,476,-86,191,476,-86,176,476,-84,174,475,-84,171,475,-84,196,469,-12,168,468,-5,188,463,-77,176,463,-75,223,420,1,146,417,6,270,408,-64,99,404,-36,292,461,-178,76,447,-129,301,483,-199,67,466,-151,299,486,-196,69,471,-147,295,479,-183,73,463,-133,211,301,0,166,300,0,225,217,-2,155,209,-24,237,127,57,147,124,14,233,113,57,148,113,11,249,101,-32,137,97,-65,
180,471,-101,184,477,-82,187,477,-82,190,476,-82,176,476,-82,173,476,-82,171,476,-82,195,470,-9,168,468,1,187,464,-72,175,464,-69,223,419,33,145,417,24,270,406,-41,97,403,-24,294,456,-160,73,444,-118,302,478,-184,64,462,-141,300,480,-182,66,467,-139,297,474,-166,70,460,-123,211,301,2,166,300,-2,225,217,0,155,209,-34,237,126,54,147,123,6,233,112,54,148,113,4,251,101,-28,137,96,-82,
180,472,-97,183,477,-81,187,477,-81,190,477,-81,175,477,-80,172,477,-80,170,477,-80,195,470,-2,167,469,6,187,465,-67,175,464,-64,223,419,34,145,417,29,270,404,-46,98,402,-22,293,454,-164,73,443,-117,302,474,-188,64,462,-140,300,477,-186,65,466,-139,296,471,-169,69,460,-122,211,301,2,166,300,-2,225,217,0,155,210,-33,238,126,55,147,123,5,233,112,55,148,113,3,250,101,-25,137,95,-84,
179,472,-100,183,477,-84,186,477,-84,189,477,-84,174,477,-82,172,477,-82,169,477,-82,194,470,-12,167,469,-3,186,464,-75,174,464,-72,223,418,21,144,417,22,270,404,-58,97,400,-34,292,454,-170,74,443,-128,301,474,-193,65,462,-151,299,476,-190,67,466,-147,295,470,-174,71,459,-132,212,301,1,166,300,-1,225,216,2,155,210,-33,238,126,58,147,124,8,233,112,58,148,114,7,250,101,-21,137,95,-81,
179,472,-97,182,477,-80,186,477,-80,189,477,-80,174,477,-79,171,477,-79,169,477,-79,193,470,-7,166,469,-2,186,464,-72,173,464,-71,223,419,24,143,417,21,270,405,-43,95,399,-28,290,454,-147,75,444,-112,298,474,-169,68,463,-135,295,477,-166,71,467,-130,292,471,-151,75,460,-116,212,301,1,167,300,-1,225,216,3,154,210,-31,238,126,60,146,123,10,234,112,60,148,114,9,250,101,-22,137,96,-79,
175,472,-152,180,477,-136,183,477,-136,187,477,-136,170,477,-134,167,477,-134,165,477,-134,191,471,-57,162,470,-50,182,464,-125,169,464,-123,220,419,-11,139,416,-12,267,396,-77,87,397,-60,283,451,-189,80,454,-122,289,470,-212,76,471,-150,285,475,-203,76,475,-149,283,469,-191,82,469,-133,212,302,0,167,300,0,225,216,1,154,210,3,238,126,58,146,126,79,234,112,59,148,115,82,249,101,-25,136,99,-3,
173,472,-134,178,478,-117,181,478,-117,185,477,-117,168,477,-117,165,477,-117,163,477,-117,189,471,-42,159,470,-43,180,464,-109,167,464,-109,219,419,-9,134,415,-14,266,392,-86,83,391,-87,279,443,-197,83,453,-169,284,457,-219,88,467,-191,284,462,-207,95,469,-169,281,459,-197,96,465,-165,212,302,0,166,299,0,225,216,-10,153,210,-4,238,127,31,145,127,58,233,112,31,147,116,59,249,102,-41,136,100,-17,
173,472,-174,178,478,-155,181,478,-155,184,478,-155,168,478,-156,165,477,-156,162,477,-156,188,472,-70,158,470,-75,180,464,-144,167,464,-146,218,420,-28,133,415,-34,266,391,-111,81,388,-116,278,443,-235,86,453,-216,282,456,-261,92,465,-242,283,460,-248,100,467,-221,280,458,-235,100,463,-211,212,302,0,166,298,0,224,216,-2,152,210,24,238,127,59,144,127,128,233,112,61,148,116,133,248,102,-23,135,100,50,
172,472,-151,177,478,-132,180,478,-132,183,478,-132,167,478,-145,163,477,-145,160,477,-145,187,472,-61,157,470,-45,179,464,-132,165,464,-130,217,420,-13,133,414,-16,264,386,-100,76,391,-118,272,430,-224,91,434,-219,274,433,-248,100,440,-240,268,438,-233,108,442,-215,266,438,-222,109,439,-212,212,302,0,165,298,0,224,216,-8,151,210,7,238,126,28,144,127,126,233,112,27,148,116,124,248,102,-46,133,100,0,
170,472,-151,175,478,-133,178,478,-133,181,478,-133,165,478,-136,162,477,-136,159,477,-136,185,472,-46,156,470,-51,177,464,-120,164,463,-122,215,420,-12,133,414,-19,252,385,-136,79,389,-153,263,403,-326,94,405,-320,266,402,-363,101,399,-351,260,408,-357,111,404,-338,258,408,-329,112,405,-318,211,303,0,164,298,0,224,218,-28,151,210,-25,238,127,23,144,127,83,233,112,23,148,116,89,249,103,-68,133,100,-33,
169,472,-71,174,478,-56,177,478,-56,180,477,-56,164,478,-59,161,477,-59,158,477,-59,183,472,15,155,470,1,176,463,-46,163,462,-50,213,422,27,132,415,23,251,387,-13,82,379,-49,254,379,-134,102,380,-163,257,371,-160,111,370,-183,248,373,-168,119,374,-180,245,375,-138,119,377,-161,210,303,0,164,298,0,224,218,-29,149,210,-29,239,127,5,144,127,22,234,112,3,148,116,22,250,103,-71,133,100,-52,
169,472,-82,174,478,-68,177,478,-68,179,477,-68,165,478,-70,162,477,-70,159,477,-70,183,472,0,156,470,-7,176,463,-59,163,462,-62,214,422,10,133,414,16,246,374,-18,94,367,-33,245,348,-113,115,335,-122,246,333,-141,121,317,-144,238,336,-154,130,321,-152,235,340,-120,130,327,-126,210,302,-1,165,298,1,225,219,-35,149,209,-18,241,127,-8,144,127,48,237,112,-11,147,116,50,250,102,-89,133,100,-17,
169,472,-83,174,478,-69,177,478,-69,179,477,-69,165,478,-70,162,477,-70,159,476,-70,183,472,-3,156,470,-11,176,463,-61,163,462,-63,214,421,6,133,414,14,244,372,-18,98,365,-32,243,347,-113,117,333,-120,244,331,-141,122,315,-143,236,334,-154,132,319,-150,234,338,-120,132,325,-124,210,302,-1,166,297,1,226,219,-44,149,209,-10,242,127,-22,144,127,58,239,112,-26,147,116,59,250,101,-106,133,100,-8,
169,471,-84,174,478,-71,177,478,-71,180,477,-71,165,477,-72,162,477,-72,159,476,-72,183,472,-6,156,470,-12,176,463,-63,163,462,-65,214,421,3,134,414,2,242,364,-1,108,357,-13,241,331,-69,122,316,-71,241,313,-93,126,295,-90,234,317,-107,135,300,-100,232,322,-75,136,308,-76,210,302,1,165,297,-1,226,219,-36,149,209,-13,242,127,-2,144,127,55,238,112,-4,147,116,57,251,101,-96,134,100,-14,
175,471,-86,178,477,-74,181,477,-74,184,477,-74,171,477,-75,168,477,-75,164,476,-75,188,472,-11,160,470,-21,180,462,-66,169,461,-68,217,420,-1,137,413,-11,240,361,0,121,349,-15,239,321,-67,130,302,-64,240,302,-90,131,282,-83,234,305,-106,140,285,-95,231,311,-74,142,291,-70,212,299,4,166,295,-4,226,212,-9,150,211,-32,242,126,33,144,127,35,238,111,32,147,116,37,252,102,-32,134,100,-27,
181,471,-106,184,477,-95,187,477,-95,189,477,-95,177,477,-95,174,477,-95,170,476,-95,194,472,-33,165,470,-41,186,462,-85,176,461,-87,221,419,-16,143,413,-24,238,356,-8,136,347,-23,238,307,-64,137,293,-69,241,287,-83,136,273,-86,235,289,-99,144,276,-102,232,294,-71,146,282,-76,213,296,5,166,293,-5,226,212,0,151,211,-32,241,126,56,144,128,47,238,111,57,148,117,52,252,102,-14,134,100,-19,
185,470,-106,188,477,-92,191,477,-92,194,477,-92,181,477,-93,178,476,-93,174,475,-93,199,472,-34,170,469,-36,191,461,-83,181,461,-85,228,418,-25,149,413,-18,238,352,-19,146,347,-4,238,298,-71,143,291,-38,242,279,-88,140,271,-53,236,280,-104,147,273,-71,233,286,-77,150,280,-46,214,294,-2,168,292,2,226,212,-3,151,211,-32,241,126,43,144,128,47,239,111,43,148,117,51,248,101,-31,134,100,-18,
188,470,-100,191,477,-91,194,477,-91,196,477,-91,183,476,-92,180,476,-92,177,475,-92,201,472,-33,172,469,-37,193,461,-82,183,460,-84,229,417,-25,150,413,-22,238,350,-20,148,347,-9,237,299,-69,144,291,-40,242,279,-85,141,271,-53,236,280,-102,147,273,-70,233,286,-76,150,280,-47,215,294,-2,168,292,2,226,212,-5,152,211,-31,241,130,40,144,128,39,238,115,40,148,117,41,248,102,-31,134,100,-23,
192,470,-87,196,476,-78,198,476,-78,201,476,-78,188,476,-78,185,475,-78,181,475,-78,206,471,-28,177,469,-28,198,461,-69,187,460,-69,235,417,-23,154,414,-18,239,351,-4,143,350,-11,239,297,-53,142,298,-49,243,277,-71,140,278,-65,237,278,-88,148,280,-81,234,284,-60,152,286,-56,216,293,1,169,292,-1,227,212,-1,155,214,-23,240,130,41,144,128,38,238,115,41,147,117,39,248,102,-27,135,101,-28,
195,470,-87,199,476,-79,201,476,-79,204,476,-79,190,475,-79,187,475,-79,184,474,-79,209,471,-28,180,469,-28,201,460,-70,189,460,-70,236,416,-12,156,414,-18,240,351,-1,139,352,-34,240,302,-68,139,311,-117,244,280,-90,137,291,-141,238,282,-108,145,294,-157,235,288,-76,148,300,-125,218,292,4,172,291,-4,230,211,-2,155,213,-25,241,128,56,144,128,39,238,114,56,147,117,41,252,100,-17,135,101,-29,
194,469,-83,198,475,-74,201,475,-74,203,475,-73,190,475,-73,187,475,-73,184,474,-73,209,470,-17,180,469,-16,200,460,-63,188,459,-63,237,416,-1,157,415,-4,243,353,0,137,360,-38,241,302,-64,137,327,-145,245,282,-85,135,311,-170,238,283,-104,143,312,-181,235,289,-72,147,317,-152,219,292,4,173,291,-4,231,211,-3,155,212,-25,241,127,49,145,129,38,237,113,49,148,118,40,253,100,-25,136,102,-31,
192,468,-73,197,474,-62,199,474,-62,202,474,-62,188,474,-62,185,474,-62,182,473,-62,207,469,-2,179,468,-4,198,459,-52,186,458,-52,236,415,11,156,415,7,244,353,7,135,360,-45,242,302,-48,136,356,-166,247,282,-66,134,347,-190,238,283,-85,143,350,-197,236,289,-56,146,352,-171,220,292,4,174,292,-4,231,211,-7,156,212,-26,241,127,32,146,129,21,237,113,30,149,118,21,254,100,-39,136,102,-49,
191,467,-68,196,473,-57,199,473,-57,201,473,-57,188,473,-57,185,473,-57,182,473,-57,207,468,4,179,468,1,198,458,-46,186,457,-47,235,415,19,155,415,12,244,353,13,135,362,-49,243,302,-42,135,362,-174,248,282,-59,134,351,-199,239,284,-78,143,355,-205,236,288,-49,145,357,-179,220,292,4,174,292,-4,231,211,-7,156,211,-26,241,127,32,147,129,20,237,113,30,150,118,20,254,100,-39,136,102,-53,
189,466,-69,195,473,-58,199,473,-58,201,472,-58,186,473,-56,184,473,-56,181,472,-56,206,467,1,178,467,4,196,457,-48,183,457,-47,234,414,13,154,413,29,244,352,9,129,360,-46,244,302,-30,133,385,-169,248,282,-43,134,391,-192,239,283,-58,141,395,-189,236,288,-35,141,394,-171,220,293,2,174,292,-3,231,210,-7,157,209,-14,242,126,43,148,128,39,237,113,42,150,118,40,254,100,-36,138,102,-37,
184,465,-56,191,472,-45,194,472,-45,197,472,-45,181,472,-43,179,471,-43,176,471,-42,203,467,13,175,467,21,191,457,-35,178,456,-33,231,414,27,152,413,48,242,353,29,125,361,-23,244,305,-4,132,414,-137,248,284,-18,133,431,-165,239,285,-33,140,436,-149,236,291,-10,140,431,-134,219,294,1,173,293,-1,231,210,-9,157,209,-12,242,125,44,148,128,48,237,112,44,150,118,50,253,99,-37,139,102,-29,
182,464,-61,188,471,-50,191,472,-50,194,471,-50,179,470,-48,176,470,-48,174,469,-48,200,467,9,172,465,15,189,455,-40,177,454,-38,228,414,27,151,413,39,240,353,33,122,364,-35,244,303,5,132,420,-150,248,283,-5,133,439,-176,240,284,-20,140,444,-162,237,289,0,140,438,-148,218,295,0,172,293,0,230,210,-9,158,210,-16,242,125,44,148,128,33,238,112,44,150,118,35,252,98,-38,139,102,-48,
180,463,-61,186,471,-49,189,471,-49,191,471,-49,177,470,-47,175,470,-47,172,469,-47,198,466,9,171,464,18,188,455,-40,175,454,-37,227,414,23,150,412,41,239,353,24,121,367,-41,242,304,-6,132,422,-155,246,283,-18,133,442,-181,239,284,-32,140,445,-168,236,290,-11,140,440,-153,217,294,-1,171,293,1,229,210,-11,157,210,-17,242,124,43,148,127,30,240,111,43,150,118,31,251,98,-41,139,102,-51,
180,463,-63,185,471,-51,188,471,-51,191,471,-51,176,470,-49,174,469,-49,171,469,-49,197,466,6,170,464,15,187,455,-42,174,454,-39,226,414,20,150,412,37,239,353,19,121,368,-46,242,304,-10,132,423,-158,246,283,-21,133,443,-184,238,284,-35,140,446,-172,236,290,-15,140,440,-157,216,294,-2,170,293,2,228,210,-11,157,210,-17,243,124,43,148,127,25,241,111,43,150,118,26,251,98,-42,139,101,-54,
179,462,-65,184,470,-53,187,471,-53,190,471,-53,175,469,-52,173,468,-52,170,468,-52,196,466,5,169,463,13,186,455,-44,174,453,-42,226,414,18,150,411,36,238,353,17,120,368,-49,240,303,-12,132,423,-163,244,282,-21,133,443,-189,237,283,-35,138,446,-177,235,288,-16,139,441,-162,216,294,-3,170,292,3,227,209,-11,157,210,-18,243,124,45,148,127,27,241,111,45,149,117,28,251,97,-40,139,101,-51,
179,462,-65,184,470,-54,187,470,-54,189,470,-54,175,468,-53,173,468,-53,170,467,-53,196,465,2,169,462,11,186,454,-45,174,453,-43,225,414,13,150,411,35,238,352,12,121,368,-51,239,301,-18,131,423,-165,243,281,-29,133,443,-191,236,282,-43,137,447,-180,233,287,-22,138,441,-164,215,293,-3,170,292,3,227,209,-9,157,210,-17,243,124,50,148,126,31,241,112,50,149,117,32,251,97,-33,139,101,-49,
179,461,-66,183,469,-55,186,469,-55,189,469,-55,175,467,-53,172,467,-53,170,466,-53,196,465,-1,168,462,11,186,454,-45,173,452,-44,225,414,10,150,411,37,238,352,12,120,370,-43,239,301,-17,126,423,-157,243,280,-28,127,443,-183,236,282,-42,130,447,-169,233,287,-22,133,441,-156,215,293,-3,169,292,3,227,209,-5,157,210,-14,243,124,52,148,125,34,241,112,52,149,116,35,251,97,-27,138,100,-43,
178,461,-69,183,468,-59,186,469,-59,189,469,-59,175,467,-55,172,466,-55,170,466,-55,196,464,-6,168,461,11,186,453,-49,173,452,-45,225,414,6,150,411,35,238,352,8,119,370,-43,239,300,-19,124,423,-155,242,280,-30,124,442,-181,235,281,-44,128,446,-169,232,286,-24,131,441,-155,215,293,-3,169,292,3,227,209,-5,157,210,-14,243,124,51,148,125,34,241,112,52,149,116,35,251,97,-28,138,100,-43,
178,460,-70,183,468,-60,186,468,-60,189,469,-60,175,466,-56,172,466,-56,170,466,-56,196,464,-8,168,461,11,186,453,-51,173,452,-46,225,414,4,150,411,35,238,352,7,119,370,-43,239,300,-19,123,423,-154,242,280,-31,124,442,-180,235,281,-45,127,446,-169,232,286,-24,130,441,-154,215,293,-3,169,292,3,227,209,-4,157,210,-13,243,124,51,148,125,35,241,112,52,149,116,36,251,97,-27,138,100,-40,
178,460,-72,183,468,-63,186,468,-63,189,469,-63,175,466,-59,172,466,-59,170,466,-59,196,464,-11,168,461,6,186,453,-54,173,451,-49,226,414,0,150,411,34,238,352,4,119,370,-44,239,300,-20,124,422,-154,242,280,-31,124,441,-179,235,281,-45,128,446,-169,232,285,-25,130,441,-154,215,293,-3,169,292,3,227,209,-4,157,210,-13,243,124,51,148,125,35,240,112,51,149,116,36,251,97,-28,138,99,-40,
178,460,-75,183,468,-66,186,468,-66,189,469,-65,175,467,-62,172,466,-62,170,466,-62,196,464,-12,168,461,2,186,453,-56,173,451,-52,226,414,-1,150,411,30,238,352,1,119,370,-47,239,300,-23,124,421,-154,242,280,-33,124,441,-178,235,281,-47,128,446,-169,233,286,-28,130,441,-154,215,293,-3,169,292,3,227,209,-5,157,210,-13,243,124,50,148,125,34,240,112,50,149,116,35,251,97,-28,138,99,-41,
178,460,-69,183,468,-59,186,468,-59,189,469,-59,175,467,-55,172,466,-55,170,466,-55,196,464,-4,168,461,10,186,453,-49,173,451,-45,225,414,7,149,411,39,238,353,9,117,370,-37,239,301,-18,125,421,-142,242,280,-30,128,440,-167,235,281,-45,131,444,-156,233,286,-24,133,439,-141,215,294,-4,169,292,4,227,209,-5,157,210,-12,243,124,50,148,125,38,240,112,51,150,116,39,251,97,-28,137,99,-37,
178,461,-68,183,468,-57,186,469,-57,189,469,-57,175,467,-55,172,467,-55,170,467,-55,196,464,10,168,462,11,186,453,-45,173,452,-44,224,414,28,146,412,41,238,353,26,110,366,-42,239,304,-15,126,408,-171,243,284,-29,131,418,-199,237,285,-44,135,423,-190,234,291,-21,135,418,-170,214,295,-2,169,292,2,227,209,-5,157,209,-12,243,124,59,148,125,50,240,112,60,150,116,53,251,97,-27,138,99,-31,
178,461,-69,183,469,-57,186,469,-57,189,469,-57,175,468,-55,172,467,-55,170,467,-55,196,465,7,168,462,9,186,453,-46,173,452,-45,223,414,24,145,413,39,238,354,23,108,364,-45,239,305,-16,126,405,-167,243,285,-30,133,414,-194,237,287,-45,138,419,-184,234,292,-22,137,415,-167,214,295,-2,169,292,2,227,209,-3,157,209,-10,242,125,59,148,125,50,239,112,60,150,116,52,248,99,-23,137,100,-27,
179,461,-77,184,469,-65,187,469,-65,190,469,-65,175,468,-66,173,468,-66,170,468,-66,196,465,4,168,463,-9,186,453,-52,173,453,-55,222,415,22,145,414,15,237,355,32,106,364,-71,240,307,-7,127,395,-187,244,288,-18,136,395,-209,238,289,-34,144,399,-197,235,295,-13,143,399,-184,214,296,1,168,292,-1,228,211,0,156,209,-13,241,126,58,147,125,40,238,112,59,149,116,41,248,99,-23,137,101,-35,
180,463,-80,185,470,-69,188,470,-69,191,470,-69,176,470,-71,173,470,-71,171,469,-71,196,465,-2,168,465,-17,187,454,-56,174,454,-60,221,415,20,144,415,2,236,355,34,107,364,-67,240,310,-12,129,370,-159,245,291,-27,137,360,-178,239,293,-46,145,366,-176,236,299,-20,144,368,-158,214,297,2,168,293,-2,228,216,-1,156,209,-24,241,128,35,147,126,17,237,114,34,148,115,17,247,101,-39,137,101,-59,
181,463,-82,186,470,-72,189,470,-72,192,470,-72,177,470,-74,174,470,-74,172,470,-74,196,465,-10,168,466,-23,188,454,-60,175,454,-63,221,416,11,144,415,-4,235,356,28,108,365,-47,241,312,-37,129,350,-123,247,294,-56,137,333,-141,242,295,-75,144,338,-144,238,301,-46,144,343,-124,214,298,3,169,294,-3,231,217,-8,156,208,-21,244,129,13,146,125,23,239,114,10,147,115,24,249,101,-62,137,100,-54,
185,463,-80,189,470,-71,191,470,-71,194,470,-71,180,470,-71,177,470,-71,173,470,-71,197,465,-9,169,466,-22,190,454,-58,178,454,-61,221,416,13,144,415,-8,235,357,27,114,363,-30,243,314,-38,130,328,-88,250,296,-56,136,310,-106,245,297,-75,143,312,-113,241,303,-46,143,318,-91,214,298,4,170,294,-4,234,219,-16,156,208,-20,249,129,0,144,125,26,245,114,-3,145,114,27,253,100,-79,139,99,-50,
186,464,-80,190,470,-70,192,470,-70,194,470,-70,181,470,-70,178,470,-70,174,470,-70,198,465,-8,170,466,-23,191,454,-58,179,454,-60,222,416,14,144,415,-10,234,358,27,116,362,-26,244,314,-35,130,327,-84,251,296,-54,135,309,-102,246,298,-73,142,311,-108,242,303,-44,143,317,-87,214,298,5,171,294,-5,234,219,-18,156,208,-20,251,129,-2,144,125,24,247,114,-5,144,114,24,254,100,-80,140,99,-52,
190,463,-95,193,470,-87,196,469,-87,198,469,-87,185,469,-88,182,469,-88,179,469,-88,203,465,-30,174,465,-39,195,454,-73,184,453,-76,226,416,-11,149,415,-17,235,357,0,131,351,-8,246,312,-54,129,298,-40,253,295,-70,126,279,-54,249,295,-90,131,279,-69,245,299,-63,134,285,-47,216,298,2,171,293,-2,240,219,-17,156,208,-19,263,130,5,144,125,26,261,116,2,144,114,27,272,100,-69,141,99,-49,
193,457,-190,197,466,-180,199,466,-180,202,465,-180,189,465,-182,186,464,-182,183,464,-182,207,461,-108,178,460,-114,199,448,-162,188,448,-163,231,412,-61,153,409,-68,238,352,-33,138,343,-29,249,304,-91,129,290,-74,256,286,-105,123,271,-89,253,286,-127,127,270,-105,249,290,-100,131,275,-81,218,293,1,172,289,-1,243,219,-28,156,207,-39,269,130,24,144,125,39,267,116,26,144,114,43,276,100,-63,141,99,-43,
196,446,-185,200,455,-177,203,456,-177,205,456,-177,192,454,-178,189,454,-178,186,454,-178,210,453,-109,182,451,-112,201,438,-158,192,437,-159,236,405,-66,157,401,-66,242,345,-38,143,337,-30,253,297,-91,130,285,-66,260,277,-104,124,266,-80,256,277,-124,128,266,-99,252,282,-100,132,273,-75,220,286,0,173,282,0,247,218,-28,154,205,-46,270,130,30,144,124,37,268,116,32,144,112,43,276,100,-58,139,98,-43,
199,436,-229,204,446,-220,206,446,-220,210,446,-220,195,445,-221,192,445,-221,189,445,-221,214,444,-148,185,443,-151,205,429,-199,195,428,-200,241,396,-89,159,394,-100,247,336,-46,146,331,-62,259,284,-91,133,279,-79,264,266,-104,126,261,-99,261,266,-125,129,261,-114,257,271,-100,133,268,-80,220,281,0,173,277,0,251,216,-50,154,203,-50,270,131,41,142,124,43,267,118,47,143,112,49,275,100,-41,139,96,-39,
201,435,-319,205,444,-308,208,445,-308,210,445,-308,197,444,-310,194,444,-310,191,443,-310,214,442,-213,186,441,-220,206,427,-281,196,426,-283,241,396,-132,159,391,-141,249,335,-86,147,327,-94,260,283,-152,134,275,-141,264,265,-171,126,257,-162,261,264,-197,130,257,-188,257,269,-164,133,264,-152,222,280,-1,174,276,1,251,215,-67,154,202,-76,272,128,40,142,120,29,270,115,44,143,108,34,274,99,-64,136,87,-81,
202,427,-315,206,436,-304,209,436,-304,212,436,-304,198,436,-306,195,436,-306,192,436,-306,216,434,-213,188,434,-218,207,419,-279,196,418,-280,243,388,-134,161,386,-145,252,328,-85,152,324,-103,264,274,-148,138,273,-154,268,257,-167,130,255,-174,265,256,-193,132,255,-200,262,261,-159,135,262,-165,224,277,0,175,273,0,252,214,-108,154,201,-90,272,129,18,142,121,26,269,115,26,143,108,33,275,100,-83,136,88,-76,
205,417,-278,209,425,-266,212,425,-266,215,425,-266,201,425,-268,198,425,-268,195,425,-268,218,423,-181,190,424,-190,210,409,-243,199,409,-246,243,379,-108,164,379,-131,255,318,-68,151,317,-103,273,266,-125,139,264,-152,282,249,-143,131,248,-172,278,247,-167,134,247,-195,274,252,-136,138,253,-162,224,270,4,176,268,-4,254,211,-158,154,201,-170,271,128,-56,142,122,-80,268,114,-51,143,111,-76,277,100,-152,136,90,-184,
206,419,-307,210,427,-293,213,427,-293,215,428,-293,202,427,-296,199,427,-296,196,427,-296,219,425,-195,191,424,-210,210,410,-269,200,410,-273,244,378,-110,164,379,-146,255,319,-64,150,317,-122,278,268,-130,138,268,-183,288,251,-150,131,251,-207,285,250,-177,134,250,-232,280,255,-143,138,256,-195,224,272,6,176,270,-6,254,211,-168,154,202,-185,271,128,-65,142,123,-87,267,114,-61,144,112,-83,280,101,-170,136,91,-200,
207,425,-283,210,433,-269,213,433,-269,216,433,-269,203,433,-272,199,433,-272,196,433,-272,219,431,-174,191,430,-189,211,417,-245,201,416,-250,243,383,-97,163,384,-122,256,323,-59,148,323,-99,279,274,-121,138,276,-157,289,256,-140,131,258,-178,286,255,-168,134,258,-198,281,261,-133,138,264,-165,225,274,5,178,272,-5,253,212,-177,155,202,-145,271,128,-90,142,122,-50,268,114,-87,142,111,-47,278,101,-201,136,93,-160,
207,427,-277,210,435,-263,213,436,-263,216,436,-263,202,435,-266,199,435,-266,196,435,-266,219,433,-172,191,432,-186,211,419,-240,201,419,-245,243,385,-98,163,386,-121,256,325,-59,147,325,-94,278,276,-129,137,277,-149,288,259,-150,131,260,-169,286,258,-177,134,260,-191,281,263,-142,138,265,-158,225,275,5,178,273,-5,252,213,-168,156,202,-129,271,128,-81,142,122,-36,268,115,-78,142,111,-33,278,102,-185,136,93,-142,
206,438,-298,210,446,-285,213,446,-285,215,446,-285,202,446,-287,199,446,-287,196,446,-287,219,443,-187,191,443,-199,211,430,-260,200,429,-263,243,393,-104,164,398,-126,255,334,-59,146,338,-93,275,289,-146,137,284,-150,285,272,-169,131,266,-173,282,270,-202,134,266,-202,277,276,-160,138,271,-163,225,285,8,180,282,-8,252,215,-50,159,204,-80,271,132,56,142,122,17,268,119,60,142,111,20,277,104,-47,136,93,-100,
206,454,-301,210,463,-289,212,463,-289,215,463,-289,201,462,-292,198,462,-292,195,461,-292,218,460,-189,191,458,-203,211,447,-261,201,446,-265,243,410,-99,164,414,-127,254,351,-45,155,353,-92,273,305,-132,140,302,-155,283,287,-153,135,286,-178,279,287,-182,136,287,-209,275,292,-144,139,293,-168,224,297,11,180,297,-11,249,220,-10,163,214,-50,267,135,86,144,132,51,264,123,88,145,121,54,277,105,-19,137,104,-64,
205,474,-189,209,482,-182,212,482,-182,215,482,-182,201,482,-181,198,482,-181,195,481,-181,218,478,-113,190,479,-113,211,466,-160,200,466,-160,243,432,-66,164,435,-57,253,372,-28,158,377,-26,265,317,-64,143,327,-74,270,301,-72,140,312,-88,266,301,-93,140,311,-109,263,305,-71,142,316,-84,223,316,0,180,321,0,229,229,-35,166,243,-61,240,138,83,168,158,28,233,128,53,175,148,31,252,107,-62,152,119,-50,
205,480,-224,209,489,-214,211,489,-214,214,489,-214,201,488,-215,198,488,-215,195,488,-215,218,485,-132,190,484,-139,210,472,-191,199,472,-193,243,437,-73,164,440,-73,252,374,-42,157,377,-36,259,321,-85,147,323,-100,263,303,-96,146,304,-119,259,303,-94,148,305,-145,256,308,-86,149,312,-112,220,323,-6,178,328,6,219,238,-51,168,259,-229,221,145,52,191,173,-154,217,134,50,199,162,-151,212,113,-96,179,137,-264,
204,481,-231,209,489,-219,211,489,-219,214,489,-219,201,489,-220,198,489,-220,195,489,-220,218,485,-131,190,487,-139,210,472,-196,198,473,-198,242,438,-75,164,440,-68,251,374,-50,157,376,-34,257,320,-117,148,323,-105,261,302,-135,147,303,-128,257,302,-151,148,306,-153,254,307,-125,150,311,-118,219,322,-7,176,328,7,218,239,-54,168,265,-245,221,145,33,193,176,-159,218,133,40,201,166,-156,213,112,-108,182,139,-274,
202,479,-212,207,487,-199,210,487,-199,213,487,-199,199,487,-200,196,487,-200,194,487,-200,216,484,-108,190,484,-113,208,471,-176,196,471,-177,242,436,-51,164,437,-40,250,374,-32,159,374,0,254,317,-101,152,321,-79,258,299,-121,151,303,-103,252,299,-141,154,304,-129,249,305,-110,155,310,-90,219,323,-9,176,330,9,210,234,-45,168,281,-326,202,133,23,211,194,-311,199,125,28,223,185,-314,206,108,-109,210,152,-443,
202,477,-217,206,485,-210,209,485,-210,212,485,-210,198,485,-213,195,485,-213,193,485,-213,215,481,-123,189,480,-126,208,469,-184,196,469,-189,242,430,-53,164,431,-54,250,368,-57,158,368,-18,252,313,-128,153,318,-96,255,295,-150,151,301,-119,249,295,-171,155,301,-144,246,301,-137,157,307,-107,219,317,-9,176,324,9,214,232,-44,168,289,-337,200,133,74,227,206,-278,195,125,80,240,201,-275,201,106,-49,226,168,-401,
201,473,-211,205,481,-197,208,481,-197,211,480,-198,197,480,-196,194,480,-196,191,480,-196,214,476,-108,188,476,-103,207,464,-176,195,464,-176,242,430,-55,163,431,-31,249,364,-55,157,367,12,249,311,-124,154,316,-71,252,289,-143,153,299,-97,246,289,-166,156,299,-120,243,296,-135,158,305,-82,219,314,-10,175,319,10,204,231,-40,168,294,-339,197,133,93,235,220,-276,194,121,100,247,217,-271,199,101,-18,241,186,-384,
199,472,-153,204,478,-136,208,478,-136,211,477,-136,196,478,-134,193,478,-134,190,478,-134,214,474,-48,187,474,-42,207,464,-120,193,464,-119,241,420,-16,163,419,16,247,353,-28,157,360,32,247,304,-102,156,312,-72,249,282,-126,155,294,-103,243,282,-147,160,294,-121,240,289,-110,161,301,-82,220,305,-12,175,309,12,205,221,-45,167,295,-334,194,125,69,241,230,-329,191,113,74,252,229,-329,198,95,-41,256,198,-438,
199,471,-177,204,476,-160,207,475,-161,211,475,-161,195,476,-160,192,475,-160,189,475,-160,214,472,-70,187,472,-68,207,463,-143,193,463,-142,241,416,-29,163,415,-3,247,349,-29,157,355,21,246,300,-97,158,308,-74,247,278,-120,157,291,-104,241,278,-141,161,290,-123,239,285,-106,163,298,-85,221,301,-11,175,305,12,206,218,-40,167,297,-344,195,125,81,242,232,-336,191,112,87,251,231,-336,199,92,-27,257,199,-446,
199,471,-166,204,475,-149,207,475,-149,210,475,-149,194,475,-148,191,475,-148,188,475,-148,213,471,-60,186,471,-55,206,463,-132,192,462,-130,241,415,-21,162,413,4,246,349,-21,157,352,29,244,298,-90,156,305,-69,245,279,-113,156,288,-99,239,278,-134,160,288,-119,238,284,-99,161,295,-79,222,300,-11,175,303,11,207,214,-37,167,296,-347,195,122,67,243,231,-342,192,107,71,252,233,-342,198,88,-44,257,199,-451,
198,470,-165,203,475,-149,206,475,-149,209,474,-149,194,475,-147,191,475,-147,188,474,-147,213,471,-60,185,471,-54,205,463,-131,191,462,-129,241,415,-20,162,413,4,246,349,-19,157,349,26,243,297,-88,156,302,-73,243,279,-110,155,286,-103,238,278,-132,159,287,-123,237,284,-96,161,294,-83,222,299,-11,177,302,11,206,214,-35,167,294,-341,194,122,76,243,232,-332,190,108,81,253,234,-331,199,89,-30,257,196,-435,
197,469,-171,202,475,-156,205,474,-156,209,474,-156,193,475,-154,190,474,-154,187,474,-154,212,470,-66,185,469,-60,205,462,-137,191,461,-135,241,414,-20,162,412,0,246,348,-16,157,348,26,243,297,-88,155,299,-70,244,279,-110,154,283,-101,238,278,-132,157,284,-121,237,284,-97,160,290,-80,222,299,-10,177,301,11,207,212,-33,166,297,-346,195,121,82,240,232,-324,191,109,88,251,234,-322,201,89,-22,256,196,-425,
197,469,-192,202,475,-177,205,474,-177,208,474,-177,193,474,-174,190,474,-174,187,473,-174,212,470,-83,185,469,-65,204,462,-157,190,460,-154,241,414,-39,162,411,-9,246,348,-40,157,346,16,244,297,-113,154,295,-72,244,278,-136,151,280,-103,237,278,-158,153,281,-125,236,284,-122,155,286,-82,222,299,-10,177,301,11,208,212,-30,165,299,-351,194,121,83,236,231,-316,190,109,88,246,231,-313,201,86,-29,252,196,-420,
197,469,-205,202,474,-190,205,474,-190,208,474,-190,192,474,-188,189,473,-188,187,472,-188,212,469,-98,185,468,-87,204,461,-170,190,459,-167,241,414,-51,162,411,-23,246,348,-49,157,345,5,243,297,-118,153,294,-84,243,278,-140,150,278,-115,237,277,-161,151,279,-136,236,283,-126,154,284,-94,222,299,-10,177,301,11,208,213,-28,165,299,-353,195,122,78,235,231,-321,191,109,83,246,230,-319,202,86,-34,252,195,-426,
196,468,-212,201,474,-197,204,473,-197,208,473,-198,192,473,-195,189,473,-195,186,472,-195,212,468,-108,184,467,-98,204,460,-178,190,458,-176,241,413,-63,161,410,-32,246,347,-60,156,344,1,243,295,-125,151,292,-86,243,276,-146,147,277,-116,237,275,-166,148,277,-138,236,282,-133,150,283,-97,222,299,-11,177,301,11,207,214,-28,165,299,-351,195,122,80,234,230,-311,191,109,85,244,228,-308,202,86,-32,251,194,-416,
196,467,-216,201,473,-201,204,473,-201,208,473,-201,192,473,-199,189,472,-199,186,471,-199,212,468,-111,184,466,-104,204,460,-182,190,457,-180,241,412,-65,161,410,-36,246,347,-57,156,344,0,243,296,-120,150,292,-85,243,277,-141,146,277,-114,238,275,-162,147,277,-136,236,281,-128,149,283,-96,221,299,-11,176,301,11,207,214,-23,165,299,-357,196,122,95,234,231,-309,191,110,101,243,229,-305,203,86,-15,253,194,-413,
196,466,-218,201,472,-203,204,472,-203,208,472,-203,192,472,-202,189,471,-202,186,470,-202,212,467,-113,184,465,-108,204,459,-183,190,456,-182,241,412,-64,161,409,-42,246,347,-54,156,344,-8,243,296,-118,150,291,-90,243,277,-140,146,276,-118,238,275,-160,147,276,-140,237,281,-127,149,282,-101,221,299,-10,176,301,10,207,214,-20,165,299,-352,196,122,100,234,230,-307,191,110,106,244,229,-304,203,87,-7,253,194,-411,
196,465,-215,201,472,-200,204,472,-200,208,472,-200,192,471,-198,189,470,-198,187,470,-198,211,467,-110,184,465,-105,204,458,-180,190,455,-179,241,411,-61,161,409,-39,246,347,-54,156,343,-5,242,296,-107,150,291,-82,243,277,-127,147,276,-109,238,275,-147,148,275,-131,237,281,-115,150,281,-93,220,299,-10,176,301,10,207,212,-21,165,299,-353,196,122,101,235,230,-313,191,110,107,246,230,-309,204,88,-6,256,194,-417,
196,465,-214,201,471,-199,204,471,-199,208,471,-199,192,470,-197,189,470,-197,187,469,-197,211,467,-108,184,464,-104,204,457,-179,190,455,-178,241,411,-60,161,408,-38,246,347,-53,156,343,-3,242,296,-103,151,290,-79,243,277,-122,147,275,-106,238,275,-143,148,275,-128,237,281,-111,150,281,-90,220,299,-10,176,301,10,208,212,-20,165,298,-354,196,123,103,236,230,-313,191,110,109,246,230,-310,204,88,-4,256,194,-418,
196,464,-213,201,471,-198,204,471,-198,208,471,-198,192,470,-197,189,469,-197,187,469,-197,211,466,-107,184,464,-103,204,457,-178,190,454,-177,241,411,-57,161,408,-37,246,347,-47,156,343,-3,242,296,-101,151,290,-81,243,277,-121,148,275,-108,238,275,-142,148,275,-130,237,281,-110,150,281,-92,220,299,-8,176,301,9,208,210,-21,166,299,-356,196,123,103,237,231,-322,191,110,109,247,231,-319,204,89,-3,257,195,-426,
197,463,-217,202,470,-202,205,470,-202,208,470,-202,193,469,-201,190,468,-201,187,468,-201,212,465,-110,184,463,-106,204,455,-181,191,453,-180,241,410,-57,161,408,-41,246,346,-44,156,343,-6,243,295,-102,148,291,-90,243,277,-122,143,275,-118,238,275,-143,144,275,-141,237,281,-111,147,281,-101,220,299,-5,175,301,5,208,209,-20,168,300,-359,196,123,108,237,232,-317,191,110,115,246,232,-309,204,89,7,257,197,-409,
197,461,-216,202,468,-202,205,468,-202,208,468,-202,193,467,-200,190,467,-200,187,466,-200,212,464,-107,184,462,-103,204,453,-181,191,451,-180,241,410,-51,161,408,-40,246,345,-41,156,343,-5,243,295,-110,145,291,-96,243,278,-132,140,276,-127,238,276,-155,141,275,-149,237,282,-119,144,281,-108,220,298,-3,176,301,4,208,207,-21,168,300,-362,196,122,107,237,233,-314,191,110,114,246,233,-308,204,90,7,257,198,-409,
197,459,-193,202,466,-178,205,466,-178,208,466,-179,193,465,-177,190,465,-177,187,465,-177,212,463,-89,184,462,-82,204,451,-159,191,450,-157,241,410,-38,161,408,-17,246,346,-32,155,345,18,243,300,-109,143,299,-76,244,284,-132,136,286,-106,238,283,-154,137,286,-129,237,288,-119,141,290,-88,220,299,-4,176,302,4,207,208,-30,168,300,-358,196,122,88,237,233,-314,191,110,94,246,234,-311,203,90,-13,257,198,-415,
197,458,-189,202,466,-174,205,466,-174,208,466,-174,193,465,-172,190,464,-172,187,464,-172,212,462,-85,184,461,-78,204,450,-155,191,449,-153,241,410,-35,161,408,-13,247,347,-29,155,346,22,243,302,-109,142,302,-73,244,286,-131,135,289,-103,239,285,-154,136,289,-126,237,289,-118,140,293,-85,220,300,-4,176,303,4,206,208,-34,168,299,-356,196,122,86,238,233,-315,191,110,92,246,234,-313,203,90,-16,257,198,-419,
197,457,-137,202,464,-121,205,464,-121,208,464,-121,193,464,-120,190,464,-120,187,463,-120,212,461,-31,184,461,-28,204,449,-103,191,448,-102,241,410,13,161,408,26,247,348,-6,154,347,25,244,309,-109,142,315,-110,246,292,-134,134,303,-145,240,292,-156,135,305,-165,238,296,-119,139,308,-122,220,300,-2,175,303,3,206,208,-37,168,299,-328,196,120,64,237,232,-318,191,108,69,246,234,-318,203,90,-33,257,198,-422,
197,457,-80,202,464,-64,205,464,-64,208,464,-64,193,464,-62,190,463,-62,187,463,-62,212,461,22,184,461,26,204,449,-47,191,448,-46,241,410,55,161,408,77,248,353,24,153,355,49,246,318,-83,141,334,-111,248,303,-111,134,323,-147,243,305,-132,136,324,-164,241,309,-93,140,327,-122,220,301,-4,176,304,5,206,208,-43,168,299,-298,196,119,48,237,232,-316,191,108,51,246,234,-316,202,89,-50,257,198,-420,
196,455,-74,201,462,-57,204,462,-57,207,462,-58,192,462,-56,189,462,-56,187,462,-56,211,460,33,184,459,38,204,447,-40,191,446,-38,241,410,67,162,408,89,252,354,23,144,354,39,246,325,-85,148,363,-169,247,310,-112,149,366,-209,242,314,-129,152,373,-210,240,318,-93,155,373,-174,220,300,-7,176,304,7,207,207,-53,167,304,-303,196,119,43,237,232,-318,191,108,47,246,234,-319,201,89,-54,257,198,-421,
196,453,-59,201,461,-44,204,461,-44,207,461,-44,192,461,-42,189,460,-42,186,460,-42,211,459,40,184,457,50,203,446,-26,190,445,-24,241,410,77,162,407,98,252,356,55,143,353,24,245,325,-9,154,390,-176,245,310,-24,157,404,-214,239,314,-38,160,409,-209,237,317,-14,162,405,-178,220,300,-8,176,304,8,208,206,-48,167,304,-299,196,119,36,237,232,-328,191,107,38,246,234,-331,200,87,-61,256,198,-427,
195,452,-56,200,460,-42,203,460,-42,206,460,-42,192,460,-39,189,460,-39,186,459,-39,211,458,41,184,457,54,203,445,-24,190,444,-20,241,410,77,162,407,103,252,356,55,142,352,22,244,325,-11,156,390,-174,244,310,-27,159,405,-212,238,314,-41,162,410,-206,236,318,-16,164,406,-176,221,300,-9,177,304,10,208,206,-45,167,303,-301,196,118,37,237,232,-336,191,107,38,246,234,-339,200,86,-62,256,198,-436,
195,451,-68,200,459,-54,203,459,-54,206,459,-54,192,459,-52,189,459,-52,186,458,-52,211,457,27,184,456,36,203,443,-36,190,442,-33,241,410,68,162,406,85,252,356,66,141,351,3,240,321,22,155,398,-186,240,306,13,157,416,-223,234,309,-1,160,420,-215,233,313,18,162,415,-187,221,300,-9,177,304,10,208,206,-34,167,303,-302,196,118,36,237,232,-348,192,107,37,246,233,-351,200,86,-59,256,198,-443,
195,449,-49,200,458,-36,203,458,-37,206,458,-37,191,457,-32,188,457,-32,186,457,-32,211,456,36,184,455,53,202,442,-20,190,440,-15,241,410,68,163,406,101,252,357,64,141,352,5,240,320,24,154,408,-181,240,306,15,156,425,-218,234,308,1,159,429,-211,232,312,21,161,425,-183,221,301,-11,178,306,11,208,207,-27,167,302,-295,196,118,32,237,232,-341,192,107,32,246,234,-343,199,84,-66,256,198,-436,
195,449,-40,199,457,-27,202,457,-27,205,457,-27,191,456,-23,188,456,-23,186,456,-23,210,455,44,183,454,62,202,441,-12,190,440,-7,240,410,73,163,406,103,250,357,67,140,356,6,240,316,33,154,412,-189,240,298,26,155,430,-229,234,299,12,158,433,-220,232,303,31,160,427,-191,221,303,-11,177,308,11,208,207,-25,168,301,-293,196,118,28,237,232,-340,192,107,28,245,234,-343,199,84,-70,256,198,-434,
193,447,-49,198,456,-38,201,456,-38,204,456,-38,190,455,-31,187,455,-31,185,454,-31,210,454,29,183,452,57,201,440,-23,188,438,-15,240,408,59,164,406,103,247,349,58,138,371,14,240,306,0,146,419,-174,240,289,-14,144,436,-213,234,289,-30,149,440,-207,232,294,-6,152,433,-177,221,303,-12,177,308,13,209,207,-36,168,301,-299,196,118,34,237,232,-345,192,107,35,245,235,-347,199,84,-66,256,198,-441,
192,447,-45,197,455,-34,200,456,-34,204,456,-35,189,454,-26,186,454,-26,184,454,-26,210,453,28,183,452,63,200,439,-20,187,438,-10,240,408,54,166,406,111,245,347,36,137,374,30,240,303,-16,143,420,-169,240,287,-27,141,438,-211,234,287,-39,146,441,-194,232,291,-19,149,434,-169,221,302,-15,177,308,16,209,207,-43,169,301,-302,196,118,35,237,233,-350,192,108,37,245,235,-352,199,84,-65,256,198,-447,
192,447,-38,197,456,-25,200,456,-25,204,456,-25,189,454,-18,187,454,-18,184,454,-18,210,453,42,183,452,71,200,440,-12,187,438,-4,240,408,65,166,406,115,245,347,43,136,378,26,240,303,-3,142,423,-173,240,286,-14,141,439,-214,235,286,-28,146,443,-203,233,291,-7,149,436,-174,221,303,-15,177,310,15,209,211,-46,169,300,-302,196,119,26,237,233,-354,192,108,28,246,235,-357,199,85,-77,257,198,-457,
192,447,-36,197,456,-24,200,456,-24,204,456,-24,189,455,-17,187,454,-17,184,454,-17,210,453,43,183,452,70,201,440,-10,187,438,-3,240,408,69,166,406,113,244,348,53,135,379,24,240,303,15,142,422,-174,241,287,6,141,439,-214,235,286,-8,146,442,-205,233,292,11,149,435,-176,221,304,-14,177,311,15,209,212,-44,169,300,-302,196,119,23,238,233,-352,192,108,24,247,235,-354,199,87,-79,258,198,-452,
193,447,-34,197,456,-21,200,456,-21,204,456,-21,189,455,-14,187,454,-14,184,454,-14,210,453,47,183,452,74,200,440,-7,187,438,0,240,408,74,166,407,116,244,348,62,136,378,23,240,303,28,142,421,-178,241,287,20,141,438,-219,235,286,5,146,442,-210,233,291,25,149,435,-181,221,304,-14,177,312,15,209,213,-43,170,298,-303,195,120,21,239,233,-354,191,109,21,247,235,-357,199,89,-83,258,197,-456,
192,448,-31,197,456,-18,200,456,-18,204,456,-18,189,455,-12,187,455,-12,184,454,-12,210,453,50,184,452,75,200,440,-4,187,439,1,240,408,77,166,407,117,245,348,65,136,375,24,241,303,30,142,418,-176,241,287,22,141,434,-217,235,286,7,146,438,-208,234,291,26,149,431,-179,221,304,-14,177,311,14,209,213,-43,170,298,-303,195,120,24,239,233,-362,191,109,24,247,235,-366,199,89,-79,258,197,-463,
192,448,-31,197,456,-18,200,456,-18,203,456,-18,189,455,-12,187,455,-12,184,454,-12,210,453,52,184,452,76,200,440,-4,187,439,2,240,408,79,166,407,118,245,348,67,135,373,25,241,303,31,142,417,-174,241,287,23,142,433,-215,235,286,8,146,437,-206,234,291,27,149,430,-177,221,304,-14,177,311,14,209,213,-42,170,298,-304,195,120,25,240,233,-366,191,109,25,248,235,-370,199,88,-77,258,197,-467,
193,448,-60,198,456,-46,201,456,-46,204,456,-46,189,455,-43,187,455,-43,184,455,-43,210,454,35,184,452,44,200,440,-29,187,439,-26,240,408,73,164,406,95,245,347,67,136,360,7,241,300,32,141,393,-194,242,285,24,142,407,-233,236,283,9,146,412,-225,235,288,28,148,408,-196,221,303,-11,177,309,12,209,213,-42,170,298,-307,195,120,43,240,233,-360,191,109,46,248,235,-362,200,88,-54,259,197,-458,
194,449,-76,199,457,-60,202,457,-60,206,457,-60,190,457,-60,187,457,-60,185,456,-60,211,454,25,184,453,23,201,441,-43,188,440,-44,240,407,62,163,406,66,245,346,48,137,355,-11,243,298,-31,141,366,-212,244,282,-50,142,367,-252,238,282,-69,146,371,-252,237,287,-38,149,370,-216,222,302,-8,178,305,9,209,213,-35,170,298,-302,195,120,61,240,232,-324,191,109,65,248,234,-324,200,87,-29,259,197,-417,
194,449,-90,200,457,-72,203,457,-72,206,457,-72,191,457,-73,188,457,-73,186,456,-73,211,453,14,184,453,6,201,441,-57,188,440,-60,240,406,49,163,405,40,246,343,34,142,354,-28,245,294,-48,141,343,-220,247,277,-68,141,335,-260,241,277,-88,147,337,-264,240,282,-56,150,338,-226,222,298,-3,178,303,3,209,212,-30,169,298,-310,195,122,75,240,231,-329,191,110,81,248,233,-329,203,88,-9,259,196,-422,
196,449,-133,201,457,-116,205,457,-116,207,456,-116,192,457,-115,189,457,-115,187,456,-115,212,453,-28,184,453,-28,202,440,-101,190,440,-101,240,403,6,163,403,23,247,341,0,143,351,5,248,291,-81,142,315,-118,250,273,-105,139,299,-151,243,273,-126,145,300,-168,242,279,-90,149,304,-128,222,297,-4,178,302,4,210,212,-31,170,296,-321,195,122,63,239,230,-333,191,110,67,247,231,-334,203,86,-22,258,194,-430,
196,448,-137,201,456,-121,205,456,-121,208,456,-121,192,456,-119,190,456,-119,187,456,-119,212,452,-35,185,453,-31,202,440,-105,190,439,-104,240,402,0,163,402,21,247,341,-5,145,350,13,249,290,-83,142,314,-115,251,272,-107,139,298,-148,244,272,-127,145,299,-164,242,278,-92,148,304,-125,222,297,-4,177,302,4,210,213,-31,170,294,-325,195,123,59,239,229,-332,190,111,62,247,230,-333,203,86,-33,258,193,-433,
197,447,-192,202,455,-178,206,455,-178,208,455,-178,193,455,-176,190,455,-176,187,455,-176,213,450,-94,185,451,-86,203,439,-160,191,438,-158,240,399,-50,163,399,-19,248,338,-41,148,340,17,251,287,-109,141,289,-65,256,268,-131,135,273,-90,248,268,-153,139,271,-114,245,274,-117,143,277,-76,222,293,-4,177,296,5,210,213,-30,170,290,-339,195,123,94,239,227,-299,190,111,101,247,227,-294,203,86,0,259,191,-394,
197,446,-184,203,453,-169,206,452,-169,209,452,-169,193,453,-166,191,453,-167,188,452,-167,213,448,-85,185,448,-77,204,437,-152,191,437,-150,241,395,-46,163,393,-16,250,333,-44,153,331,22,256,284,-118,141,278,-57,262,265,-140,135,259,-81,255,264,-162,138,257,-107,251,270,-127,142,264,-69,221,287,-5,175,289,5,210,209,-29,169,286,-338,195,121,88,238,222,-290,190,109,94,246,220,-286,201,85,-9,258,188,-384,
198,446,-202,203,453,-186,206,453,-187,209,452,-187,194,453,-185,191,453,-185,188,453,-185,213,448,-99,185,448,-96,204,437,-169,192,437,-168,241,396,-58,163,392,-32,251,332,-52,156,328,7,258,282,-126,143,278,-78,264,263,-149,135,260,-104,257,263,-172,139,259,-129,252,269,-136,142,266,-91,221,284,-5,175,287,5,214,190,-36,163,284,-347,195,120,95,235,218,-273,189,108,103,244,215,-266,201,82,0,251,185,-360,
198,449,-162,203,456,-147,206,456,-147,209,456,-147,194,456,-145,191,456,-145,188,456,-145,213,451,-64,185,450,-57,204,441,-130,192,441,-129,241,398,-25,162,393,0,252,333,-39,156,328,38,258,284,-73,144,278,-36,263,266,-91,136,261,-59,256,265,-112,139,259,-83,252,271,-82,143,266,-47,221,286,-13,175,289,13,212,187,-64,155,285,-330,194,120,83,231,213,-270,189,110,90,241,212,-266,199,79,-11,242,179,-364,
198,450,-160,203,457,-146,206,457,-147,209,457,-147,194,457,-139,191,457,-139,188,456,-139,213,452,-61,185,451,-46,204,441,-130,191,441,-122,241,400,-17,162,394,9,252,336,-5,156,329,45,257,285,-47,145,279,-26,263,267,-63,137,261,-48,256,267,-83,139,260,-70,252,273,-55,143,267,-36,222,287,-14,176,290,14,212,185,-66,153,284,-322,194,121,83,230,213,-267,188,111,93,240,212,-262,198,78,-3,239,178,-356,
198,455,-88,203,462,-73,206,462,-73,209,462,-73,194,461,-72,191,461,-72,188,461,-72,213,457,4,185,457,6,204,447,-58,191,446,-58,241,411,24,162,403,58,252,347,31,158,334,96,256,296,-8,152,294,42,262,277,-22,148,279,24,255,277,-39,151,279,7,252,282,-15,154,284,34,222,289,-23,176,293,23,212,193,-67,148,284,-283,194,119,29,223,211,-252,189,111,34,236,208,-249,198,75,-64,226,171,-337,
197,465,-145,202,471,-128,205,471,-128,208,471,-128,193,471,-130,191,470,-130,188,470,-130,212,468,-35,185,467,-45,204,457,-110,191,456,-113,240,422,-2,162,414,13,251,358,7,162,346,40,256,310,-52,155,295,15,261,293,-69,151,286,-32,255,293,-90,153,286,-31,251,298,-61,155,290,14,222,299,-20,176,301,20,211,208,-64,148,283,-285,195,119,25,209,195,-259,192,111,28,223,191,-257,200,83,-84,206,155,-362,
196,473,-198,201,481,-188,204,482,-188,207,482,-188,193,480,-189,190,480,-189,187,480,-189,211,478,-114,184,476,-115,202,466,-167,191,464,-167,239,434,-73,161,429,-50,250,377,-49,161,368,-10,256,326,-94,153,313,-37,260,309,-105,149,296,-65,255,308,-126,152,297,-82,251,315,-103,154,305,-44,220,321,-19,176,321,19,217,237,-65,150,266,-178,221,131,-27,176,176,-100,219,120,-29,187,165,-96,214,99,-135,161,137,-181,
196,475,-79,200,482,-68,203,483,-68,206,483,-68,192,481,-69,190,481,-69,187,481,-69,210,480,-2,184,479,-7,202,467,-52,191,466,-54,238,436,16,161,432,26,248,376,26,160,371,53,256,325,-20,153,317,16,260,307,-32,148,297,0,255,306,-51,151,300,-18,252,312,-28,154,306,7,218,326,-19,174,326,19,223,240,-77,152,258,-112,239,137,-73,152,160,-66,239,124,-78,161,148,-65,232,102,-169,136,123,-142,
196,475,-75,200,482,-63,203,483,-63,206,483,-63,192,482,-65,189,482,-65,187,482,-65,210,480,2,184,479,-2,202,467,-48,191,467,-50,238,435,25,160,431,29,248,375,39,160,370,51,256,323,2,152,317,10,260,305,-8,148,298,-5,255,305,-26,150,301,-22,252,310,-5,153,307,2,217,326,-16,174,327,16,225,240,-76,152,257,-120,243,138,-65,151,159,-69,241,124,-70,159,148,-67,239,104,-160,136,123,-144,
196,472,-242,200,479,-233,203,480,-233,206,480,-233,192,479,-235,189,478,-235,187,478,-235,210,477,-149,184,475,-154,202,464,-207,191,463,-209,238,432,-70,160,429,-87,248,373,-14,159,367,-42,256,320,-58,150,316,-89,260,301,-67,146,297,-107,256,301,-96,148,297,-132,253,306,-70,150,305,-100,217,321,-5,173,322,5,232,236,-20,153,245,-119,259,142,43,130,148,-68,258,130,42,135,137,-69,260,109,-71,117,110,-184,
196,467,-310,200,476,-301,203,476,-301,206,476,-301,192,475,-301,190,475,-301,187,475,-301,210,475,-207,184,474,-208,202,460,-272,191,459,-272,238,431,-111,160,425,-126,248,370,-53,159,366,-74,256,314,-121,149,309,-139,261,295,-140,143,290,-163,258,293,-171,144,290,-191,254,300,-135,147,296,-152,218,316,1,173,315,-1,239,232,11,151,231,-65,275,140,101,118,141,8,274,129,102,116,129,9,284,108,-15,113,105,-118,
197,454,-306,202,462,-294,204,462,-294,207,462,-293,193,462,-295,190,462,-295,187,462,-295,211,460,-196,184,460,-200,203,446,-267,191,446,-268,238,414,-114,160,412,-118,248,352,-67,155,349,-66,256,295,-145,146,291,-131,261,278,-167,141,273,-154,258,277,-196,143,273,-183,255,282,-158,145,278,-144,221,299,0,174,297,0,248,224,-16,149,216,-90,285,137,83,115,128,0,285,126,87,113,113,3,286,105,-33,111,90,-122,
199,441,-266,203,449,-252,206,449,-252,208,449,-252,194,448,-254,191,448,-254,188,448,-254,212,445,-157,184,445,-165,204,432,-228,193,432,-231,238,397,-84,159,396,-99,248,336,-50,152,330,-64,256,281,-135,140,276,-130,261,262,-158,137,258,-155,258,262,-185,139,258,-181,255,268,-148,141,264,-142,223,280,2,175,277,-2,254,213,-47,148,205,-102,282,130,63,114,116,0,281,116,67,111,103,4,287,104,-41,112,77,-111,
199,440,-269,204,448,-254,207,447,-254,209,447,-254,195,447,-256,192,447,-256,189,447,-256,212,444,-158,185,444,-168,205,431,-232,193,431,-235,239,392,-88,159,394,-107,248,331,-58,151,329,-75,256,276,-151,139,276,-142,261,257,-176,134,258,-168,259,257,-204,137,258,-193,255,264,-165,140,264,-154,224,275,4,176,274,-4,255,209,-23,148,201,-72,282,129,104,117,117,48,280,115,110,116,105,55,289,103,3,113,81,-60,
199,439,-299,204,448,-285,207,448,-285,209,448,-285,195,447,-288,192,447,-288,189,447,-288,213,444,-179,185,443,-194,205,431,-258,193,431,-263,239,393,-94,158,392,-120,248,332,-54,150,328,-85,256,278,-153,139,276,-167,261,259,-178,135,259,-197,259,258,-208,137,259,-224,255,265,-167,139,266,-180,225,276,4,177,274,-4,257,207,4,145,201,-95,283,128,159,117,120,27,281,114,168,116,108,33,290,103,57,112,87,-89,
199,442,-309,204,450,-295,207,450,-295,209,450,-295,195,450,-297,192,449,-297,189,449,-297,213,446,-191,185,446,-202,205,434,-268,193,433,-272,239,396,-106,158,395,-123,247,336,-63,149,331,-80,256,283,-153,139,280,-153,261,263,-177,135,262,-179,258,263,-206,137,262,-207,255,269,-167,140,268,-166,226,281,3,179,278,-3,257,208,1,146,205,-82,283,128,138,116,121,29,281,115,145,116,109,34,289,102,32,112,93,-89,
199,444,-299,204,451,-286,207,451,-286,209,451,-286,195,451,-288,192,451,-288,189,451,-288,212,448,-188,185,448,-197,205,435,-260,193,435,-263,239,399,-105,158,397,-120,247,338,-60,148,334,-72,255,285,-149,138,281,-140,260,265,-172,134,263,-164,258,265,-201,138,263,-191,254,271,-162,140,268,-152,227,283,3,179,281,-3,255,209,14,146,205,-41,284,128,141,115,121,67,284,115,147,114,109,72,289,102,34,111,93,-49,
198,445,-289,203,452,-276,206,452,-276,209,452,-276,194,452,-278,191,452,-278,188,452,-278,212,449,-179,184,449,-187,204,436,-251,192,436,-254,238,400,-100,158,398,-110,247,340,-57,146,334,-64,255,286,-151,137,280,-133,260,266,-176,133,263,-157,258,266,-206,138,262,-184,254,272,-165,140,268,-145,227,284,2,179,281,-3,254,209,13,145,204,-33,284,128,140,115,121,83,283,115,146,112,109,89,290,102,33,111,91,-31,
198,445,-285,203,453,-271,206,453,-271,208,453,-271,194,453,-273,191,453,-273,188,452,-273,212,449,-173,184,449,-182,204,437,-246,192,437,-249,238,401,-95,158,399,-108,247,340,-57,145,335,-63,255,286,-156,137,280,-131,260,267,-182,133,263,-156,258,267,-212,138,262,-183,254,272,-170,140,268,-143,226,284,5,179,281,-5,254,209,19,145,203,-47,283,128,151,115,119,65,283,114,157,112,108,71,291,102,48,112,90,-49,
197,445,-285,202,453,-271,206,453,-271,208,453,-271,193,453,-273,190,453,-273,187,453,-273,211,450,-173,183,449,-181,203,437,-247,191,437,-250,237,401,-95,157,399,-110,247,340,-60,144,334,-69,255,286,-161,136,279,-139,261,266,-187,132,262,-165,258,266,-217,137,262,-192,254,271,-175,139,267,-151,226,284,7,178,281,-7,253,209,32,145,202,-65,283,128,163,115,120,40,282,114,169,111,109,45,291,101,61,112,90,-75,
196,445,-269,202,453,-255,205,454,-255,207,453,-255,192,453,-256,189,453,-256,186,453,-256,211,450,-163,183,450,-168,202,438,-234,190,437,-236,237,401,-93,157,399,-105,247,340,-60,145,334,-67,257,286,-157,136,279,-135,262,265,-183,133,261,-162,259,266,-211,137,261,-188,255,271,-170,139,267,-147,226,284,6,178,280,-6,252,208,26,145,203,-57,284,128,154,115,121,52,283,114,160,112,109,57,291,101,55,111,91,-57,
196,446,-249,201,454,-236,204,454,-236,207,454,-236,192,453,-237,189,453,-237,186,453,-237,211,450,-149,183,450,-154,202,438,-216,189,437,-217,237,401,-89,157,399,-94,249,340,-58,146,335,-61,259,286,-152,136,280,-123,263,266,-177,133,262,-147,260,266,-205,137,262,-173,256,271,-165,140,268,-134,226,283,5,178,280,-5,252,208,23,146,204,-42,283,128,145,115,122,64,283,114,150,113,110,70,290,101,46,111,92,-40,
195,447,-224,201,454,-212,204,454,-212,207,454,-212,191,454,-212,188,454,-212,185,454,-212,210,450,-127,182,450,-131,202,438,-192,189,438,-193,237,401,-72,157,399,-75,249,340,-58,148,335,-41,261,297,-167,137,280,-104,265,277,-194,133,263,-128,261,278,-221,137,263,-152,257,284,-180,140,268,-115,226,284,5,178,280,-5,252,207,24,146,204,-53,283,128,143,115,121,47,282,114,149,112,108,52,289,101,48,111,90,-60,
195,447,-213,200,455,-201,203,455,-201,206,454,-201,191,455,-201,188,455,-201,185,454,-201,210,451,-118,182,451,-121,201,439,-182,189,439,-183,237,401,-65,157,399,-66,250,340,-58,149,335,-31,261,299,-161,137,280,-90,266,280,-187,133,263,-112,261,281,-213,137,263,-136,258,287,-174,140,269,-100,226,284,4,178,280,-4,251,207,21,146,203,-54,282,128,140,114,120,41,281,114,145,112,107,46,289,101,41,112,89,-66,
194,448,-153,199,455,-141,203,455,-141,206,455,-141,190,455,-141,187,455,-141,184,455,-141,209,451,-69,182,451,-68,201,439,-126,188,439,-125,236,401,-37,157,399,-23,251,347,-55,149,335,10,263,315,-164,137,280,-38,268,299,-191,133,263,-57,264,300,-214,137,264,-78,260,305,-175,140,269,-47,224,284,1,177,281,-1,251,207,12,146,204,-39,282,128,113,114,120,41,281,114,118,112,107,45,289,101,33,111,90,-51,
194,450,-227,199,457,-211,203,457,-211,205,457,-211,190,457,-211,187,457,-211,184,456,-211,209,452,-101,181,452,-84,201,441,-188,188,440,-188,236,401,-49,157,399,-49,253,345,-157,149,335,-8,264,362,-384,137,281,-79,268,370,-427,133,264,-70,265,377,-433,137,263,-86,261,375,-392,140,269,-85,224,283,4,177,281,-4,252,206,15,145,203,-47,282,128,165,114,119,71,281,114,174,112,107,77,289,101,72,111,89,-37,
194,451,-278,199,459,-262,202,459,-262,205,458,-262,190,458,-263,187,458,-264,184,457,-264,209,453,-151,181,452,-155,201,442,-237,188,441,-239,236,402,-73,157,399,-78,257,345,-186,148,335,-39,264,387,-413,137,281,-95,264,403,-456,133,264,-84,262,409,-456,137,263,-100,260,403,-419,139,269,-101,223,283,5,176,281,-5,252,206,24,145,203,-48,282,128,178,114,120,74,281,114,187,112,107,80,289,101,79,111,89,-41,
194,452,-271,199,459,-255,202,459,-255,205,459,-255,190,459,-256,187,459,-256,184,458,-256,209,453,-150,181,453,-154,201,442,-231,188,442,-233,234,402,-79,157,400,-79,260,357,-203,148,335,-40,258,406,-429,137,281,-96,257,426,-472,133,264,-104,254,429,-469,137,263,-126,252,422,-433,139,268,-104,223,284,5,176,281,-5,252,205,36,146,204,-39,282,128,195,114,120,80,281,115,206,112,108,87,289,101,99,111,90,-33,
194,452,-264,199,460,-248,202,460,-248,205,459,-248,190,460,-249,187,459,-249,184,459,-249,209,454,-147,181,453,-151,201,443,-225,188,442,-227,234,403,-79,157,400,-75,261,360,-201,148,335,-38,256,407,-426,137,281,-92,255,427,-468,133,264,-105,252,430,-465,137,263,-129,250,423,-430,139,268,-101,222,284,5,175,282,-5,252,204,38,146,204,-40,282,128,196,114,120,75,281,115,207,112,108,81,290,101,100,110,90,-38,
194,453,-260,199,460,-245,202,460,-245,205,460,-245,190,460,-246,187,460,-246,184,459,-246,208,454,-143,180,453,-150,201,443,-222,188,443,-223,233,404,-78,157,400,-69,262,363,-193,148,336,-31,251,414,-415,137,282,-89,250,434,-458,133,264,-105,246,437,-454,137,263,-129,244,430,-418,139,268,-99,222,284,5,175,283,-5,252,204,35,146,204,-39,282,128,187,114,120,72,281,115,197,112,107,77,290,101,88,110,90,-43,
194,453,-245,198,460,-227,201,460,-227,204,460,-227,190,460,-230,187,460,-230,184,459,-230,208,454,-121,180,453,-135,200,443,-205,188,443,-209,232,404,-60,157,400,-64,265,365,-174,148,336,-28,246,418,-380,137,282,-86,244,438,-420,133,264,-102,240,440,-414,137,263,-127,238,433,-382,140,268,-95,223,284,5,175,283,-5,252,204,43,146,203,-41,282,128,194,114,120,68,281,115,204,112,107,73,289,101,101,110,89,-45,
194,453,-228,198,460,-211,201,460,-211,203,460,-211,189,460,-215,186,460,-215,183,459,-215,207,454,-106,180,453,-126,200,443,-188,188,443,-194,231,404,-46,157,400,-59,267,370,-160,148,336,-26,243,421,-351,137,282,-78,240,440,-390,133,264,-94,236,441,-390,138,263,-117,234,435,-354,140,268,-87,223,284,5,176,283,-5,252,204,40,146,203,-31,282,128,184,114,120,80,281,115,193,112,107,86,290,101,90,109,91,-26,
194,453,-234,198,460,-218,200,459,-218,203,459,-218,189,460,-221,186,459,-221,183,459,-221,207,453,-115,180,453,-126,200,443,-195,188,443,-200,230,404,-52,156,400,-61,268,370,-155,148,336,-26,245,427,-341,137,281,-61,244,448,-379,133,263,-73,239,450,-379,138,262,-97,237,442,-346,140,268,-70,223,284,6,176,283,-6,252,204,39,146,204,-29,282,128,189,114,120,86,281,115,199,112,107,93,290,101,104,110,91,-16,
194,452,-235,198,459,-220,200,459,-220,203,458,-220,189,459,-222,186,459,-222,183,459,-222,207,453,-118,179,453,-129,200,443,-198,188,443,-201,231,405,-54,156,400,-62,268,370,-162,148,336,-22,246,428,-362,137,281,-66,246,449,-401,133,263,-80,241,451,-395,138,262,-105,238,443,-364,140,267,-76,223,284,6,176,283,-6,252,203,38,145,203,-29,282,127,192,114,119,84,281,115,202,111,106,90,291,101,102,110,90,-23,
193,452,-236,197,459,-220,200,459,-220,202,458,-220,189,459,-223,186,459,-223,183,459,-223,206,453,-120,179,453,-129,199,443,-198,187,443,-203,230,404,-54,156,400,-57,267,372,-181,148,336,-10,249,428,-400,138,281,-62,250,447,-443,133,263,-76,245,450,-438,138,262,-103,243,442,-403,140,267,-73,223,284,4,176,283,-4,252,203,38,145,202,-27,282,127,192,113,119,86,281,114,202,111,106,92,291,101,98,109,90,-24,
192,452,-237,197,459,-222,199,459,-222,202,458,-222,188,459,-225,185,459,-225,182,459,-225,205,453,-121,178,453,-128,199,443,-199,187,443,-204,230,404,-56,155,400,-52,267,372,-183,148,336,-4,252,426,-398,137,281,-59,252,445,-440,133,263,-73,248,448,-436,138,262,-100,246,440,-401,140,267,-70,223,284,2,176,283,-2,252,203,37,145,203,-29,282,127,190,113,119,84,281,114,200,111,107,90,291,101,95,109,91,-28,
192,452,-237,196,459,-223,199,459,-223,202,458,-223,188,459,-225,185,459,-225,182,459,-225,205,453,-121,178,453,-128,198,443,-200,186,443,-204,229,404,-58,155,400,-53,266,373,-180,148,336,-2,252,426,-393,137,282,-50,253,445,-435,133,264,-63,248,448,-430,137,263,-90,246,441,-397,139,268,-61,223,284,2,175,283,-2,252,204,38,145,203,-29,282,127,190,113,119,86,281,114,200,111,107,92,291,101,95,109,91,-26,
191,452,-241,196,459,-225,199,459,-225,201,458,-225,187,459,-227,184,459,-227,181,459,-227,205,453,-122,177,453,-129,198,443,-202,186,443,-206,229,404,-59,154,400,-55,266,373,-180,148,336,-3,253,427,-391,136,282,-48,253,446,-432,133,264,-60,249,449,-426,136,264,-87,246,442,-394,138,268,-58,223,284,1,175,283,-1,252,204,37,145,203,-26,282,128,191,113,119,94,281,115,201,111,107,100,291,101,95,109,92,-17,
191,452,-246,195,459,-230,198,459,-230,201,458,-230,187,459,-231,184,459,-231,181,459,-231,205,453,-126,177,453,-129,197,443,-207,185,443,-209,229,404,-67,154,400,-54,266,373,-191,148,336,0,253,428,-404,136,283,-48,253,447,-445,132,264,-60,249,450,-440,136,264,-88,246,442,-407,138,269,-59,223,285,0,175,283,0,252,204,34,145,203,-26,282,128,188,113,119,93,281,115,199,111,107,99,291,101,89,109,92,-19,
190,452,-249,195,459,-233,198,458,-233,201,458,-233,186,459,-234,184,459,-234,181,459,-234,204,453,-131,177,453,-130,197,443,-210,185,443,-211,229,404,-73,154,400,-54,266,372,-196,147,336,-3,253,426,-410,136,283,-54,253,445,-452,132,264,-67,249,448,-448,136,264,-96,246,440,-413,138,269,-66,223,285,0,175,284,0,252,204,32,145,203,-27,282,128,183,113,119,92,281,115,192,111,107,98,291,101,80,109,93,-21,
190,452,-250,195,459,-235,198,458,-235,201,458,-235,186,459,-235,183,459,-235,180,459,-235,204,453,-132,177,453,-133,197,443,-212,184,443,-213,229,404,-74,154,400,-55,266,369,-192,147,336,-7,253,423,-403,135,283,-74,253,442,-446,132,264,-89,249,445,-441,135,265,-117,246,437,-407,138,269,-85,223,285,0,175,284,0,252,204,33,145,203,-27,282,128,183,113,119,92,281,115,192,111,107,98,291,101,81,109,93,-22,
189,452,-259,194,459,-244,197,459,-244,200,458,-244,185,459,-244,182,459,-244,179,459,-244,204,453,-141,176,453,-141,196,443,-220,184,443,-221,230,405,-78,153,401,-60,266,364,-195,147,336,-19,253,417,-410,135,283,-90,253,437,-452,132,264,-108,249,439,-449,135,265,-134,247,432,-414,137,269,-101,223,285,0,174,284,0,252,204,35,145,203,-31,282,128,186,113,120,91,281,116,195,111,108,97,291,101,81,109,93,-29,
188,452,-274,194,459,-259,197,459,-259,200,459,-259,184,460,-259,182,459,-259,179,459,-259,204,454,-156,176,454,-154,195,443,-235,183,443,-234,230,405,-91,153,401,-70,266,361,-208,147,336,-27,254,408,-427,135,283,-97,254,419,-470,132,264,-114,250,423,-468,135,265,-141,248,418,-432,137,269,-108,222,285,-1,174,284,0,251,204,30,145,203,-40,282,128,184,113,120,88,281,116,193,111,108,95,291,101,77,109,93,-34,
188,452,-277,193,460,-262,197,460,-262,200,459,-262,184,460,-262,181,460,-262,178,459,-262,204,454,-160,175,454,-157,195,443,-238,182,443,-237,230,405,-95,153,401,-73,265,359,-212,147,336,-30,254,405,-431,135,283,-99,254,415,-474,132,264,-116,250,419,-471,135,265,-143,249,415,-435,137,269,-110,222,285,-1,174,284,1,251,204,27,144,203,-43,282,128,183,113,120,86,281,116,192,111,108,93,291,101,75,109,93,-36,
187,452,-166,192,460,-154,196,460,-154,199,459,-154,183,460,-152,180,459,-152,177,459,-152,202,454,-72,174,454,-63,194,443,-135,181,443,-133,230,407,-40,152,401,-4,255,360,-137,147,336,23,258,361,-364,135,283,-47,263,352,-410,132,264,-69,257,354,-427,135,264,-95,253,357,-375,137,269,-58,221,285,-4,174,284,4,252,205,0,143,203,-31,281,128,140,113,119,84,281,116,149,111,108,91,291,101,49,109,92,-19,
187,451,-169,192,459,-155,195,459,-155,198,458,-155,183,458,-156,179,458,-156,177,457,-156,201,454,-74,174,453,-75,194,443,-138,181,442,-138,228,407,-38,152,401,-18,249,357,-60,144,336,17,264,326,-198,134,282,-46,272,313,-231,131,264,-68,269,314,-256,134,264,-92,266,317,-211,136,269,-57,220,285,-4,173,284,4,252,206,-10,143,203,-27,281,129,105,113,119,82,281,116,112,111,108,88,291,102,15,109,92,-16,
185,449,-226,190,456,-212,193,456,-212,196,456,-212,181,455,-214,178,454,-214,175,454,-214,200,452,-123,172,450,-130,192,441,-192,179,440,-194,227,405,-63,151,397,-66,246,349,-58,143,334,-26,264,302,-166,133,281,-95,272,284,-192,129,262,-121,270,283,-220,132,263,-149,266,288,-179,134,268,-109,219,283,-3,172,281,3,252,207,-4,142,203,-115,281,129,128,113,118,-4,281,116,135,111,107,1,291,102,26,110,89,-116,
185,445,-284,189,451,-268,192,452,-269,195,452,-269,180,451,-270,177,450,-270,175,450,-270,199,447,-168,172,445,-173,191,437,-246,178,436,-248,227,398,-96,149,392,-99,243,334,-69,140,330,-61,263,283,-167,130,275,-141,270,263,-193,127,257,-169,267,263,-221,130,257,-198,263,267,-181,132,263,-155,216,282,-3,169,279,3,253,208,-37,139,203,-132,281,129,110,113,117,4,281,116,118,111,107,12,290,102,-5,110,89,-114,
185,442,-297,189,449,-282,192,449,-282,195,449,-282,180,448,-283,177,448,-284,175,447,-284,199,445,-183,171,443,-186,191,434,-258,178,433,-260,227,396,-109,148,391,-106,243,332,-73,140,329,-64,262,280,-169,130,273,-143,269,261,-194,126,256,-170,266,260,-223,129,256,-201,262,264,-183,132,262,-158,216,281,-4,169,278,4,254,208,-49,136,202,-97,282,129,99,113,117,23,282,116,107,112,107,40,289,101,-16,110,89,-90,
184,436,-299,188,444,-284,191,444,-284,194,444,-284,179,443,-284,176,442,-284,174,441,-284,198,440,-186,171,436,-186,190,428,-261,178,427,-261,226,388,-113,148,384,-111,242,326,-79,139,322,-71,260,271,-169,128,268,-148,266,253,-193,126,250,-174,263,253,-220,128,251,-202,260,258,-181,131,258,-161,215,276,-4,168,273,4,254,207,-78,134,200,-130,282,125,69,113,118,27,281,112,76,114,108,38,289,98,-45,109,90,-83,
182,428,-302,186,436,-288,189,436,-288,192,436,-288,178,434,-287,175,434,-287,173,433,-287,197,432,-190,170,429,-186,189,421,-264,177,419,-263,226,382,-119,148,376,-108,234,323,-92,139,314,-61,242,281,-206,125,263,-132,245,266,-231,122,245,-156,244,266,-254,125,245,-183,241,270,-218,128,252,-145,214,270,-5,168,269,5,254,202,-53,134,198,-148,282,125,98,112,118,5,281,112,103,114,108,14,289,98,-8,109,89,-107,
182,431,-289,186,438,-274,189,438,-274,192,438,-274,177,437,-274,174,437,-274,172,437,-275,197,435,-176,169,432,-175,188,423,-251,176,422,-251,226,385,-108,148,379,-97,230,328,-98,139,318,-55,236,293,-224,124,266,-124,239,275,-253,120,248,-148,238,277,-273,124,248,-176,235,281,-236,126,254,-137,214,271,-6,168,270,6,250,203,-1,134,198,-165,282,126,162,112,118,-40,281,114,171,114,109,-33,289,100,55,108,91,-159,
182,438,-305,186,447,-291,189,447,-291,192,447,-291,177,445,-292,174,444,-292,172,444,-292,196,444,-189,169,441,-193,188,430,-265,176,428,-266,224,394,-107,148,386,-110,229,335,-66,139,325,-57,235,300,-157,125,275,-130,236,284,-180,121,258,-154,235,286,-207,124,259,-185,233,290,-170,127,264,-144,213,280,-5,168,277,5,244,207,-3,136,200,-49,281,128,160,113,120,84,281,118,160,114,110,91,288,101,34,108,92,-30,
181,441,-306,186,449,-293,189,450,-293,192,450,-293,176,447,-294,174,447,-294,171,447,-294,196,447,-193,168,444,-197,188,432,-267,176,431,-268,223,398,-107,147,391,-115,228,340,-62,139,329,-62,235,302,-150,125,278,-134,236,286,-173,121,260,-158,238,285,-200,124,261,-188,233,293,-163,127,266,-148,212,284,-3,167,281,3,242,210,-3,137,202,-40,281,129,138,113,121,88,280,119,140,114,112,95,288,101,19,108,94,-25,
181,452,-314,186,461,-301,189,462,-301,192,462,-301,177,460,-302,174,460,-302,171,459,-302,196,458,-201,169,456,-205,188,444,-274,176,443,-275,222,411,-113,147,405,-120,227,352,-71,139,343,-61,233,307,-167,126,292,-129,233,290,-190,122,274,-153,232,290,-217,125,274,-182,230,295,-180,127,281,-142,211,296,0,167,291,0,239,220,-4,144,210,-22,274,138,112,118,131,96,273,127,115,120,120,101,287,105,0,110,101,-16,
182,463,-308,186,472,-296,189,472,-296,192,472,-296,177,471,-297,174,470,-298,172,470,-298,196,469,-195,169,467,-202,189,455,-268,177,455,-270,223,424,-105,147,418,-121,228,366,-42,139,357,-61,231,316,-131,126,304,-127,234,300,-150,123,285,-150,232,302,-181,127,285,-180,230,305,-145,130,292,-140,211,306,4,168,301,-4,235,229,6,151,218,-21,262,144,112,128,135,94,257,132,115,131,124,99,280,110,2,117,105,-18,
183,470,-223,187,479,-215,190,479,-215,192,479,-215,178,478,-214,175,478,-214,173,478,-214,197,475,-142,169,474,-141,189,462,-194,178,462,-193,225,428,-81,147,427,-89,230,365,-40,139,367,-47,233,315,-97,127,312,-75,236,294,-110,124,293,-83,233,295,-130,129,293,-101,231,304,-106,131,299,-82,211,318,8,168,313,-8,227,258,-171,167,233,-60,213,165,-80,167,145,7,203,154,-74,171,134,9,226,128,-165,175,112,-85,
184,469,-221,188,477,-209,191,478,-209,193,477,-209,179,477,-210,176,477,-210,174,477,-210,198,474,-122,170,473,-129,190,461,-187,179,460,-189,225,426,-44,148,428,-81,231,364,3,139,366,-52,234,315,-65,128,312,-93,237,295,-81,125,293,-108,234,296,-106,129,293,-128,232,303,-76,132,298,-102,212,317,14,169,313,-14,226,267,-279,171,227,-39,188,179,-270,186,139,22,177,171,-272,193,129,23,194,144,-380,191,109,-81,
184,470,-208,189,478,-197,192,478,-197,194,478,-197,180,478,-198,177,477,-198,174,477,-198,199,474,-114,171,474,-117,191,462,-175,179,461,-176,226,425,-41,149,428,-72,231,365,2,139,366,-52,234,315,-65,130,311,-93,237,295,-80,126,293,-106,234,297,-105,131,293,-125,232,303,-76,133,298,-101,212,316,14,169,311,-14,226,270,-296,174,223,-41,188,180,-272,191,122,24,176,172,-272,194,118,25,194,145,-377,191,103,-79,
185,466,-223,189,474,-212,192,474,-212,194,474,-212,180,473,-213,178,473,-213,175,473,-213,199,470,-119,171,469,-127,192,458,-186,180,457,-188,227,422,-33,149,423,-75,231,362,17,139,362,-57,234,312,-58,130,306,-109,237,293,-74,126,288,-122,235,294,-102,131,288,-144,233,301,-70,133,293,-117,212,312,17,170,307,-17,226,270,-289,180,217,-45,170,192,-242,195,120,32,156,186,-239,198,114,35,178,149,-347,193,98,-75,
186,462,-137,191,469,-122,193,469,-123,195,469,-123,182,469,-126,179,468,-126,176,468,-126,200,467,-38,172,465,-52,193,454,-104,181,453,-108,227,414,16,149,419,-23,231,355,56,138,361,-15,234,305,2,129,306,-56,237,287,-8,125,286,-67,235,289,-33,130,286,-84,232,295,-8,133,291,-62,213,308,15,170,303,-15,227,271,-290,187,211,-41,160,207,-263,193,121,18,144,203,-260,196,112,19,150,170,-339,191,91,-73,
187,452,-127,191,459,-112,194,460,-112,196,460,-112,182,459,-114,179,459,-114,177,459,-114,200,458,-26,172,457,-37,193,445,-94,181,444,-98,227,408,20,149,410,1,231,351,48,138,351,13,234,302,-22,129,299,-35,237,286,-37,125,281,-47,234,288,-61,130,280,-66,232,293,-34,133,286,-43,216,297,13,171,290,-12,228,274,-297,184,205,-44,156,215,-262,194,121,24,143,214,-258,198,110,26,141,180,-334,192,86,-64,
187,444,-158,192,453,-145,194,453,-145,197,453,-145,183,453,-147,179,453,-147,177,453,-147,201,452,-60,173,452,-70,193,438,-125,181,437,-127,227,404,-2,149,405,-25,230,346,31,138,343,-9,234,299,-29,129,293,-56,237,284,-42,125,275,-69,234,286,-67,130,275,-88,231,291,-41,133,281,-64,216,294,12,171,287,-11,228,275,-292,182,204,-52,155,216,-277,195,118,0,143,213,-274,198,107,2,138,182,-352,193,80,-86,
187,444,-144,192,452,-131,195,452,-131,197,452,-131,183,452,-134,180,452,-134,177,452,-134,201,450,-46,173,451,-60,194,438,-112,182,437,-116,227,403,5,149,403,-24,230,343,31,138,340,-14,234,297,-35,129,287,-64,237,282,-51,126,270,-78,233,284,-75,131,270,-97,230,289,-47,134,276,-72,215,291,11,170,285,-11,229,277,-285,184,205,-61,155,216,-255,196,117,-4,143,212,-251,198,106,-2,138,181,-323,193,81,-91,
188,445,-157,193,453,-136,195,453,-136,197,453,-136,183,453,-146,180,453,-146,178,452,-146,201,450,-64,173,450,-73,194,437,-113,182,437,-128,227,403,2,149,402,-38,230,341,30,138,339,-32,234,296,-53,130,286,-77,237,281,-68,128,270,-89,233,283,-93,131,270,-106,230,288,-64,134,275,-83,215,292,10,169,286,-10,229,279,-308,184,207,-80,156,217,-266,194,118,-12,145,215,-261,198,107,-9,137,183,-341,193,82,-108,
188,445,-173,193,453,-157,195,453,-157,198,453,-158,184,453,-162,181,453,-162,178,453,-162,202,450,-69,173,450,-82,194,437,-135,182,437,-141,228,402,-4,149,403,-38,230,341,25,139,340,-27,232,296,-46,131,287,-76,235,281,-62,128,271,-90,231,283,-88,132,271,-108,228,287,-58,134,276,-83,214,292,11,168,287,-11,228,281,-308,186,207,-72,157,216,-265,195,117,0,145,213,-260,198,106,3,139,182,-342,194,77,-97,
188,444,-179,193,453,-165,195,453,-165,198,453,-165,184,453,-167,181,453,-167,178,452,-167,202,450,-77,173,450,-87,194,437,-144,182,436,-147,228,403,-12,148,403,-39,230,342,16,139,340,-39,232,297,-79,131,287,-101,235,282,-100,129,271,-119,231,284,-125,132,271,-138,228,288,-91,134,276,-109,213,293,11,168,287,-11,229,281,-303,186,204,-62,160,216,-256,195,117,10,148,212,-251,198,106,12,142,183,-335,193,75,-89,
188,444,-206,193,452,-192,195,452,-192,198,452,-192,184,452,-195,181,452,-195,178,452,-195,202,450,-100,173,450,-112,194,437,-169,182,436,-173,228,403,-32,148,403,-63,230,342,-11,140,340,-60,233,298,-101,132,287,-121,236,282,-121,130,271,-139,231,284,-146,133,271,-159,228,288,-113,135,276,-129,213,293,11,168,287,-11,229,282,-304,186,202,-53,161,215,-265,194,117,20,150,209,-261,198,105,22,136,178,-348,192,76,-80,
188,443,-211,193,451,-198,195,452,-198,198,452,-198,184,452,-201,181,452,-201,178,452,-201,202,450,-105,173,450,-117,194,436,-174,182,436,-178,228,403,-37,148,403,-67,230,342,-17,140,340,-62,233,298,-108,132,287,-125,236,282,-129,130,271,-142,231,284,-154,133,271,-163,228,288,-120,135,276,-133,212,293,11,168,286,-10,229,282,-300,185,202,-51,161,213,-265,194,113,21,151,207,-262,198,102,24,137,177,-351,191,74,-80,
188,443,-208,193,451,-195,195,451,-195,198,451,-195,184,451,-198,181,452,-198,178,452,-198,201,449,-105,173,450,-116,194,436,-172,182,435,-175,227,403,-37,147,403,-64,228,341,-15,140,340,-54,232,296,-83,132,287,-114,234,281,-99,130,270,-132,230,283,-123,133,270,-153,227,288,-95,135,275,-122,212,293,11,168,285,-10,230,282,-297,184,203,-52,161,215,-270,194,113,20,149,210,-267,198,103,22,143,181,-355,191,75,-79,
188,443,-205,192,451,-192,195,452,-192,197,452,-192,183,452,-195,180,452,-195,177,452,-195,201,450,-102,172,450,-113,193,436,-169,181,436,-173,227,403,-35,147,403,-68,227,341,-12,140,340,-64,232,297,-86,133,286,-119,234,282,-102,131,269,-136,230,284,-127,133,269,-155,228,288,-98,135,274,-127,212,293,11,168,285,-10,232,282,-295,182,202,-52,162,215,-263,193,114,20,151,209,-259,198,103,22,145,181,-345,191,74,-76,
188,443,-208,192,452,-195,195,452,-195,197,452,-195,183,452,-198,180,452,-198,177,452,-198,200,450,-103,172,450,-117,193,436,-172,181,436,-175,226,403,-35,146,403,-70,228,341,-14,140,339,-66,232,297,-103,133,285,-127,235,281,-124,132,268,-145,230,284,-149,134,268,-166,228,288,-115,136,273,-136,212,293,11,168,285,-11,234,282,-289,182,203,-51,162,214,-254,193,114,20,151,210,-251,198,102,22,145,183,-337,192,75,-76,
187,443,-210,192,452,-197,195,452,-197,197,452,-197,183,452,-200,180,452,-200,177,452,-200,200,450,-104,172,450,-117,193,437,-173,181,436,-177,226,403,-36,146,403,-70,228,341,-18,140,338,-66,232,297,-113,134,284,-131,236,281,-135,133,268,-150,232,283,-160,134,268,-170,228,288,-126,136,273,-139,212,293,12,167,285,-12,234,281,-288,182,203,-51,161,214,-250,194,115,25,150,211,-247,197,102,27,145,183,-333,192,75,-74,
187,443,-210,191,452,-196,194,452,-196,196,452,-196,183,452,-199,179,452,-199,176,452,-199,200,450,-103,171,450,-116,193,437,-173,181,436,-177,226,403,-35,146,403,-69,228,341,-17,140,338,-64,233,297,-112,134,284,-129,236,281,-134,133,269,-148,232,284,-159,135,268,-168,228,288,-124,137,273,-138,212,293,12,167,285,-12,235,281,-290,182,205,-51,161,215,-249,193,115,26,150,212,-245,197,103,29,146,183,-332,192,75,-73,
187,445,-213,191,453,-199,194,453,-199,196,453,-199,182,453,-202,179,453,-202,176,453,-202,200,451,-106,171,450,-118,193,438,-177,181,437,-180,226,403,-39,146,403,-72,228,341,-20,140,338,-65,233,297,-112,134,284,-127,236,281,-133,133,268,-145,232,284,-158,135,267,-165,228,288,-125,137,272,-135,211,293,12,167,285,-12,236,280,-296,181,205,-60,161,215,-250,193,115,26,150,213,-245,198,103,29,146,183,-334,192,75,-73,
186,449,-199,191,457,-183,194,457,-183,196,457,-183,182,456,-186,179,456,-186,176,456,-186,199,453,-89,171,452,-101,192,441,-164,180,441,-167,226,403,-32,146,403,-58,234,341,-21,140,338,-61,238,298,-128,135,285,-126,241,282,-154,135,270,-145,235,284,-178,138,270,-164,232,289,-140,139,274,-134,212,294,12,167,285,-12,236,280,-307,181,205,-68,162,215,-251,194,115,24,150,212,-246,198,104,28,147,182,-336,193,76,-75,
186,452,-177,191,460,-159,194,460,-159,196,460,-159,182,459,-163,179,459,-163,176,458,-163,199,455,-59,171,453,-77,192,444,-140,180,443,-145,226,403,-3,146,403,-30,238,345,-5,140,338,-39,245,305,-123,137,287,-121,251,288,-150,137,273,-145,247,291,-176,139,273,-164,243,296,-136,141,277,-130,214,295,12,169,286,-11,236,281,-315,181,205,-82,162,215,-259,194,116,11,150,210,-254,198,104,15,149,182,-350,193,77,-93,
187,454,-104,191,461,-88,194,461,-88,196,461,-88,182,461,-91,179,460,-91,176,460,-91,199,456,-2,171,454,-18,193,446,-73,180,445,-77,226,404,30,146,403,15,237,353,15,140,338,17,254,328,-109,139,288,-35,263,317,-140,139,274,-48,260,319,-159,141,274,-64,255,321,-121,143,278,-42,212,295,8,168,286,-8,236,282,-298,179,205,-75,162,215,-256,194,116,-7,150,211,-251,198,104,-6,149,182,-327,193,77,-94,
187,455,-109,191,462,-92,194,462,-92,196,462,-92,182,461,-96,179,461,-96,176,460,-96,199,457,-4,171,454,-20,193,446,-77,181,445,-81,226,404,29,146,403,15,236,355,12,140,339,17,255,331,-111,139,289,-37,265,321,-139,140,274,-50,262,322,-160,142,275,-67,257,325,-123,143,279,-44,211,295,8,168,287,-7,236,281,-297,177,205,-75,162,215,-255,193,117,-4,150,212,-249,198,105,-2,150,182,-319,193,81,-91,
188,455,-132,191,462,-114,194,462,-114,196,462,-114,182,462,-118,179,461,-118,176,461,-118,199,457,-18,171,455,-33,193,446,-97,181,446,-101,226,403,25,146,403,13,237,354,-45,140,338,17,258,354,-259,139,289,-51,267,354,-298,139,274,-64,263,360,-311,141,274,-84,259,361,-270,143,279,-59,211,295,7,168,287,-7,236,281,-294,178,204,-73,162,215,-251,194,116,0,150,212,-246,198,104,3,149,183,-319,193,79,-91,
189,455,-146,192,462,-130,194,462,-130,196,462,-130,183,462,-133,180,461,-133,177,461,-133,199,457,-28,171,455,-46,194,446,-111,182,446,-114,226,402,25,146,403,-5,245,352,-62,141,338,6,260,385,-262,139,289,-57,266,394,-296,139,274,-82,263,400,-294,141,274,-101,260,399,-266,143,279,-69,211,294,8,167,286,-8,236,281,-294,179,204,-62,162,215,-264,193,115,17,150,212,-262,198,103,20,149,183,-349,193,78,-78,
